PROFILE 4
BEGIN
MATRIX ID=1054 K=2000 L=31
31        A        C        D        E        F        G        H        I        K        L        M        N        P        Q        R        S        T        V        W        Y
 0 0.033898 0.005650 0.002825 0.008475 0.402260 0.005650 0.008475 0.161299 0.000000 0.164124 0.066949 0.000000 0.000000 0.000000 0.050000 0.005650 0.000000 0.025424 0.002825 0.056497
 1 0.201723 0.000000 0.081772 0.055422 0.013492 0.032211 0.004237 0.012377 0.128904 0.042001 0.004386 0.004386 0.050000 0.081516 0.234855 0.021828 0.006430 0.013641 0.001412 0.009404
 2 0.068730 0.003876 0.067231 0.150692 0.023708 0.000000 0.030649 0.021370 0.077719 0.085869 0.024077 0.039273 0.106073 0.048599 0.170218 0.011448 0.041474 0.021880 0.004287 0.002825
 3 0.286914 0.000000 0.007260 0.010234 0.200564 0.084319 0.001412 0.024358 0.002874 0.122460 0.035558 0.025000 0.018907 0.001412 0.010135 0.083623 0.029237 0.034542 0.009887 0.011299
 4 0.133208 0.004287 0.026462 0.005848 0.044774 0.012138 0.005848 0.327737 0.016082 0.127664 0.047287 0.002874 0.000000 0.004336 0.032605 0.006800 0.025219 0.172493 0.000000 0.004336
 5 0.143539 0.010234 0.160177 0.238602 0.001462 0.005267 0.003865 0.008711 0.067444 0.065040 0.038179 0.030452 0.001462 0.052262 0.072451 0.026530 0.051995 0.014555 0.002924 0.004846
 6 0.202796 0.000000 0.056287 0.074931 0.006800 0.029760 0.036313 0.008230 0.102643 0.154622 0.034827 0.055592 0.005366 0.055001 0.075240 0.047296 0.027995 0.021512 0.000000 0.004785
 7 0.024509 0.022433 0.099097 0.056139 0.000000 0.348935 0.029497 0.001462 0.134021 0.001462 0.000000 0.045263 0.022975 0.090631 0.088822 0.016404 0.011554 0.002924 0.000000 0.003876
 8 0.482294 0.045342 0.008208 0.001922 0.005327 0.048652 0.012156 0.025716 0.008230 0.039726 0.005338 0.006247 0.018128 0.002902 0.025292 0.178722 0.020810 0.054262 0.007797 0.002924
 9 0.193977 0.144423 0.000000 0.033333 0.025653 0.033481 0.002902 0.055901 0.000000 0.066445 0.005787 0.000000 0.005306 0.000000 0.000000 0.012537 0.061535 0.326131 0.000000 0.032585
10 0.019740 0.000000 0.499237 0.013497 0.000000 0.022088 0.093038 0.000000 0.033158 0.000000 0.000000 0.157432 0.000000 0.076338 0.027635 0.038539 0.014909 0.004386 0.000000 0.000000
11 0.133883 0.019380 0.000000 0.000000 0.060392 0.062758 0.002443 0.269813 0.001462 0.074045 0.058148 0.000000 0.000000 0.000000 0.000000 0.037808 0.007260 0.190951 0.002924 0.078735
12 0.028915 0.005228 0.000000 0.000000 0.025543 0.000000 0.000941 0.285765 0.000000 0.172750 0.013479 0.001961 0.021031 0.000000 0.000000 0.007752 0.004856 0.415919 0.003844 0.012013
13 0.015436 0.000000 0.000000 0.000980 0.000000 0.002403 0.024393 0.016966 0.000000 0.297287 0.041265 0.159696 0.000000 0.396804 0.032120 0.005848 0.001462 0.005338 0.000000 0.000000
14 0.050670 0.004902 0.000000 0.000000 0.007720 0.016667 0.000000 0.340067 0.000000 0.124536 0.014510 0.000000 0.255318 0.000000 0.000000 0.078231 0.022472 0.083969 0.000000 0.000942
15 0.005805 0.000980 0.464938 0.000000 0.000000 0.001961 0.008823 0.000000 0.500000 0.000000 0.000000 0.004824 0.000000 0.000000 0.000980 0.007765 0.003921 0.000000 0.000000 0.000000
16 0.039337 0.002825 0.000000 0.000000 0.012598 0.000000 0.083334 0.104310 0.000000 0.219478 0.066344 0.003384 0.107916 0.001462 0.000000 0.007632 0.128521 0.219998 0.000000 0.002864
17 0.074271 0.054779 0.027268 0.009150 0.005267 0.063255 0.138151 0.015337 0.000000 0.012074 0.066988 0.168967 0.186506 0.013475 0.005766 0.062361 0.061875 0.013996 0.000000 0.020510
18 0.006747 0.001922 0.168589 0.000000 0.070511 0.006708 0.038479 0.004825 0.183620 0.019182 0.005728 0.019298 0.000000 0.173491 0.111938 0.013493 0.014435 0.017298 0.065698 0.078044
19 0.080538 0.149734 0.001922 0.000000 0.005749 0.000000 0.000000 0.168815 0.001961 0.138918 0.008629 0.027113 0.000000 0.000941 0.000000 0.034360 0.050842 0.158122 0.154747 0.017608
20 0.000000 0.000981 0.000981 0.016667 0.000000 0.959959 0.000000 0.000000 0.000000 0.000000 0.000000 0.001883 0.001922 0.000000 0.000000 0.000000 0.017609 0.000000 0.000000 0.000000
21 0.000000 0.000000 0.000980 0.000000 0.000000 0.750262 0.000000 0.000000 0.000000 0.000000 0.016666 0.000000 0.000000 0.000000 0.000000 0.123563 0.108527 0.000000 0.000000 0.000000
22 0.000000 0.000000 0.000000 0.000000 0.039004 0.000000 0.002924 0.337356 0.000000 0.341488 0.013957 0.000000 0.020532 0.016666 0.000000 0.000000 0.000980 0.219879 0.000000 0.007211
23 0.043994 0.001462 0.044070 0.003865 0.001462 0.023856 0.047734 0.003805 0.018128 0.054131 0.008208 0.048357 0.000000 0.022295 0.144784 0.122576 0.381242 0.005327 0.015928 0.008772
24 0.128366 0.000000 0.055397 0.431272 0.000000 0.060948 0.002442 0.000000 0.018397 0.000941 0.001883 0.109714 0.042767 0.045434 0.050460 0.019109 0.028061 0.003345 0.000000 0.001462
25 0.268495 0.043536 0.000000 0.000000 0.030752 0.040505 0.000000 0.031347 0.000000 0.044168 0.028792 0.000000 0.000000 0.001922 0.000000 0.151966 0.280016 0.045868 0.030714 0.001922
26 0.073134 0.001462 0.000000 0.002924 0.015982 0.000000 0.002404 0.203898 0.160820 0.164022 0.085898 0.000000 0.000000 0.078145 0.134835 0.004365 0.002404 0.053761 0.006768 0.009182
27 0.047740 0.000981 0.157717 0.121443 0.003844 0.001922 0.007250 0.007260 0.239741 0.027853 0.000000 0.017844 0.000000 0.078579 0.201610 0.014461 0.050767 0.018129 0.000942 0.001922
28 0.363855 0.005759 0.000000 0.000000 0.005338 0.000000 0.000000 0.308846 0.000000 0.154072 0.044719 0.000000 0.000000 0.000000 0.000000 0.004818 0.022803 0.087908 0.000000 0.001883
29 0.365270 0.059921 0.001462 0.000000 0.006778 0.039731 0.024854 0.149847 0.002403 0.061969 0.011607 0.021321 0.000000 0.020571 0.017544 0.076441 0.013518 0.116707 0.000000 0.010053
30 0.215050 0.000000 0.123853 0.065389 0.000941 0.054015 0.026126 0.006325 0.095196 0.116096 0.038442 0.037238 0.000980 0.065549 0.067639 0.029956 0.046613 0.008668 0.001922 0.000000
END
PROFILE 4
BEGIN
MATRIX ID=101 K=261 L=31
31        A        C        D        E        F        G        H        I        K        L        M        N        P        Q        R        S        T        V        W        Y
 0 0.374461 0.002110 0.055261 0.168504 0.003584 0.012023 0.009278 0.005694 0.033528 0.087950 0.000000 0.032689 0.000000 0.082891 0.048932 0.028470 0.019192 0.029105 0.002110 0.004219
 1 0.392246 0.019192 0.000000 0.077215 0.000000 0.002110 0.000000 0.074883 0.075105 0.031215 0.016242 0.000000 0.002110 0.000000 0.206329 0.012658 0.008439 0.075927 0.006329 0.000000
 2 0.258845 0.004219 0.050211 0.119799 0.000000 0.019192 0.000000 0.008439 0.107345 0.092373 0.035443 0.006329 0.002110 0.047661 0.177800 0.023411 0.015607 0.031215 0.000000 0.000000
 3 0.125707 0.005694 0.041128 0.117894 0.033333 0.026995 0.003584 0.039662 0.103557 0.117717 0.137553 0.019827 0.007168 0.057575 0.071707 0.049136 0.024885 0.010549 0.002110 0.004219
 4 0.134976 0.070251 0.005694 0.006329 0.041967 0.004219 0.021301 0.102101 0.070038 0.075927 0.026995 0.004219 0.004219 0.017082 0.051050 0.022572 0.051890 0.104415 0.021301 0.163454
 5 0.110744 0.002110 0.141772 0.080799 0.009913 0.000000 0.004219 0.032689 0.071716 0.165986 0.019192 0.000000 0.000000 0.012023 0.083739 0.006329 0.007804 0.241051 0.006329 0.003584
 6 0.206896 0.000000 0.103126 0.232857 0.002110 0.014133 0.002110 0.000000 0.110735 0.016878 0.000000 0.013498 0.002110 0.075096 0.182909 0.031215 0.004219 0.002110 0.000000 0.000000
 7 0.124223 0.000000 0.041128 0.069598 0.066667 0.000000 0.068776 0.004219 0.048932 0.045551 0.020666 0.009913 0.004219 0.107981 0.130121 0.032689 0.008439 0.002110 0.004219 0.210549
 8 0.000000 0.000000 0.000000 0.000000 0.000000 1.000000 0.000000 0.000000 0.000000 0.000000 0.000000 0.000000 0.000000 0.000000 0.000000 0.000000 0.000000 0.000000 0.000000 0.000000
 9 0.016878 0.014768 0.000000 0.000000 0.720113 0.002110 0.039018 0.016878 0.000000 0.011388 0.002110 0.000000 0.000000 0.000000 0.002110 0.000000 0.002110 0.006329 0.008439 0.157751
10 0.029105 0.005694 0.026156 0.024885 0.000000 0.012023 0.005694 0.002110 0.222317 0.002110 0.000000 0.026156 0.016242 0.129740 0.180128 0.058845 0.239603 0.017082 0.000000 0.002110
11 0.279615 0.025316 0.033333 0.006329 0.002110 0.038383 0.007804 0.058015 0.000000 0.014768 0.011388 0.006329 0.000000 0.021301 0.041559 0.210549 0.165360 0.071512 0.004219 0.002110
12 0.018556 0.012023 0.000000 0.000000 0.167275 0.000000 0.066667 0.300599 0.000000 0.221460 0.052085 0.000000 0.000000 0.000000 0.000000 0.000000 0.007168 0.144254 0.000000 0.009913
13 0.000000 0.000000 0.000000 0.000000 0.000000 0.000000 0.000000 0.000000 1.000000 0.000000 0.000000 0.000000 0.000000 0.000000 0.000000 0.000000 0.000000 0.000000 0.000000 0.000000
14 0.000000 0.000000 0.000000 0.000000 0.060093 0.000000 0.000000 0.241913 0.000000 0.498879 0.067488 0.000000 0.000000 0.000000 0.000000 0.000000 0.007168 0.080577 0.010549 0.033333
15 0.003584 0.000000 0.032258 0.000000 0.000000 0.021505 0.007168 0.000000 0.892473 0.000000 0.000000 0.000000 0.000000 0.003584 0.039427 0.000000 0.000000 0.000000 0.000000 0.000000
16 0.070251 0.000000 0.000000 0.000000 0.010753 0.200000 0.000000 0.159884 0.000000 0.067284 0.000000 0.033333 0.039427 0.000000 0.000000 0.000000 0.056744 0.338710 0.023615 0.000000
17 0.016447 0.003584 0.003584 0.002110 0.021505 0.893925 0.014337 0.000000 0.031646 0.000000 0.003584 0.000000 0.000000 0.000000 0.000000 0.002110 0.000000 0.000000 0.007168 0.000000
18 0.148922 0.003584 0.029105 0.012023 0.039858 0.081825 0.012862 0.002110 0.062429 0.031850 0.005694 0.009278 0.048932 0.021301 0.084570 0.034799 0.033959 0.309065 0.005694 0.022141
19 0.034164 0.000000 0.122749 0.033324 0.222141 0.111361 0.009913 0.029740 0.009913 0.165183 0.009278 0.049567 0.082664 0.015607 0.048296 0.025521 0.017082 0.009913 0.003584 0.000000
20 0.049771 0.000000 0.098702 0.083748 0.005694 0.056939 0.017717 0.017717 0.043882 0.069598 0.002110 0.029105 0.270224 0.037553 0.048941 0.039018 0.038383 0.042602 0.028266 0.020031
21 0.016242 0.000000 0.089855 0.102922 0.043238 0.053160 0.009913 0.064539 0.024885 0.061159 0.000000 0.005694 0.339858 0.039018 0.022141 0.032054 0.024250 0.063904 0.003584 0.003584
22 0.076766 0.000000 0.225062 0.259471 0.005694 0.045551 0.009278 0.009913 0.050406 0.040289 0.003584 0.029105 0.016447 0.045356 0.085214 0.044712 0.017717 0.026156 0.003584 0.005694
23 0.018352 0.000000 0.303716 0.212826 0.010753 0.013498 0.085858 0.011388 0.010549 0.012023 0.000000 0.014972 0.009278 0.107159 0.029944 0.017717 0.022141 0.047466 0.002110 0.070251
24 0.020246 0.006329 0.324248 0.098408 0.003165 0.021505 0.000000 0.200252 0.017082 0.093950 0.009494 0.000000 0.037022 0.027834 0.036375 0.000000 0.013917 0.078467 0.000000 0.011705
25 0.133184 0.026575 0.045869 0.134136 0.003165 0.024670 0.003165 0.160712 0.055363 0.105043 0.003165 0.011705 0.008541 0.008541 0.060739 0.035423 0.034164 0.134136 0.000000 0.011705
26 0.159759 0.000000 0.055363 0.096808 0.005376 0.010753 0.031952 0.011705 0.057575 0.030046 0.008541 0.044916 0.000000 0.042398 0.368892 0.013917 0.013917 0.030999 0.000000 0.017082
27 0.068974 0.034164 0.044916 0.025623 0.014870 0.003165 0.013917 0.112631 0.014870 0.132877 0.042705 0.000000 0.008541 0.028787 0.222710 0.017082 0.031952 0.167347 0.006329 0.008541
28 0.053457 0.008541 0.016129 0.053457 0.009494 0.033211 0.013917 0.118960 0.080679 0.117701 0.008541 0.013917 0.013917 0.026575 0.105349 0.026575 0.044916 0.254662 0.000000 0.000000
29 0.246835 0.000000 0.018987 0.088608 0.006329 0.000000 0.012658 0.031646 0.075949 0.063291 0.025316 0.018987 0.000000 0.063291 0.303797 0.006329 0.025316 0.012658 0.000000 0.000000
30 0.227848 0.000000 0.050633 0.056962 0.018987 0.012658 0.006329 0.164557 0.025316 0.082278 0.037975 0.012658 0.000000 0.075949 0.056962 0.018987 0.018987 0.113924 0.006329 0.012658
END
PROFILE 4
BEGIN
MATRIX ID=102 K=606 L=31
31        A        C        D        E        F        G        H        I        K        L        M        N        P        Q        R        S        T        V        W        Y
 0 0.118473 0.000000 0.013337 0.134943 0.008235 0.023208 0.015941 0.052847 0.123860 0.049387 0.006071 0.017642 0.003003 0.061674 0.226920 0.018968 0.043585 0.074574 0.000000 0.007332
 1 0.445532 0.000000 0.014639 0.057719 0.005208 0.010310 0.008211 0.030687 0.058265 0.096453 0.025771 0.011637 0.000000 0.059045 0.072661 0.022411 0.036944 0.040599 0.001302 0.002604
 2 0.181337 0.007267 0.001302 0.014306 0.012035 0.005208 0.000000 0.227311 0.005208 0.118084 0.055407 0.000000 0.000000 0.006510 0.018229 0.002165 0.011238 0.333089 0.000000 0.001302
 3 0.039891 0.004769 0.001302 0.019514 0.008235 0.000000 0.022964 0.041650 0.008170 0.067102 0.000000 0.004769 0.001302 0.005208 0.674525 0.009115 0.007373 0.071107 0.002604 0.010400
 4 0.094883 0.001302 0.135431 0.286079 0.000000 0.005167 0.008211 0.006071 0.118294 0.029028 0.001302 0.041314 0.000000 0.047344 0.160881 0.051315 0.008170 0.005208 0.000000 0.000000
 5 0.419672 0.001302 0.019514 0.113600 0.010417 0.036944 0.008170 0.022012 0.052088 0.039654 0.013801 0.005607 0.001302 0.013403 0.094917 0.020246 0.047807 0.071308 0.006933 0.001302
 6 0.103575 0.022305 0.002604 0.023843 0.066662 0.001302 0.005208 0.152740 0.019514 0.202973 0.017202 0.003906 0.002604 0.007373 0.014746 0.023421 0.012980 0.310108 0.000000 0.006933
 7 0.048566 0.002604 0.022102 0.008675 0.041616 0.727712 0.005208 0.006071 0.006933 0.014746 0.010400 0.003906 0.048549 0.000000 0.014746 0.002604 0.001302 0.021679 0.001302 0.011279
 8 0.030605 0.000000 0.208725 0.076093 0.012873 0.067916 0.000000 0.000000 0.045684 0.000000 0.005167 0.035350 0.379761 0.012100 0.027578 0.026716 0.015120 0.006469 0.015900 0.033941
 9 0.045179 0.005167 0.392835 0.124251 0.000000 0.100335 0.030979 0.000000 0.048776 0.002604 0.000000 0.055661 0.003467 0.041819 0.061756 0.064652 0.022517 0.000000 0.000000 0.000000
10 0.146452 0.010815 0.004329 0.006909 0.042843 0.039304 0.007796 0.221673 0.020645 0.059567 0.036415 0.018903 0.010774 0.005167 0.011637 0.015543 0.041485 0.282540 0.003865 0.013337
11 0.062529 0.003467 0.109537 0.141371 0.004769 0.036081 0.018968 0.013378 0.104771 0.028375 0.016739 0.037473 0.079398 0.034113 0.131225 0.046718 0.081164 0.038352 0.010269 0.001302
12 0.000000 0.000000 0.000000 0.000000 0.081099 0.000000 0.000000 0.280417 0.000000 0.593264 0.004305 0.000000 0.000000 0.000000 0.000000 0.000000 0.000000 0.040915 0.000000 0.000000
13 0.058719 0.016739 0.000000 0.000000 0.021524 0.008503 0.003003 0.041771 0.006868 0.066051 0.267045 0.000000 0.000000 0.003906 0.437229 0.003906 0.024177 0.014241 0.006933 0.019384
14 0.113404 0.005607 0.000000 0.000000 0.012808 0.001701 0.013605 0.186014 0.000000 0.238803 0.006868 0.000000 0.000000 0.001701 0.000000 0.001701 0.021466 0.388591 0.001701 0.006030
15 0.000000 0.000000 0.967687 0.032313 0.000000 0.000000 0.000000 0.000000 0.000000 0.000000 0.000000 0.000000 0.000000 0.000000 0.000000 0.000000 0.000000 0.000000 0.000000 0.000000
16 0.703497 0.025112 0.000000 0.000000 0.029018 0.029588 0.001701 0.005208 0.000000 0.020408 0.018309 0.000000 0.067834 0.000000 0.000000 0.006868 0.005566 0.080089 0.000000 0.006803
17 0.000000 0.000000 0.000000 0.000000 0.000000 0.011905 0.076531 0.000000 0.000000 0.000000 0.000000 0.884354 0.000000 0.000000 0.000000 0.001701 0.001701 0.003401 0.015306 0.005102
18 0.084353 0.070658 0.000000 0.064377 0.003401 0.206522 0.036040 0.001701 0.011637 0.001302 0.048010 0.018505 0.001701 0.317322 0.069796 0.033429 0.010774 0.000000 0.017072 0.003401
19 0.327838 0.001701 0.001701 0.001701 0.003401 0.320204 0.000000 0.002165 0.032175 0.010269 0.006803 0.018903 0.022768 0.015502 0.100635 0.092540 0.010335 0.029660 0.001701 0.000000
20 0.001701 0.003401 0.000000 0.000000 0.077917 0.000000 0.000000 0.000000 0.000000 0.094255 0.006803 0.000000 0.001701 0.003401 0.000000 0.000000 0.008503 0.008503 0.614260 0.179555
21 0.018546 0.000000 0.199953 0.021174 0.000000 0.018505 0.010335 0.000000 0.003401 0.001302 0.000000 0.116236 0.008170 0.021150 0.039548 0.236216 0.305465 0.000000 0.000000 0.000000
22 0.109433 0.004305 0.008211 0.038417 0.051315 0.004305 0.000000 0.033144 0.004703 0.183111 0.009805 0.001302 0.138932 0.006006 0.100954 0.016804 0.039947 0.194192 0.001701 0.053414
23 0.097789 0.000000 0.111288 0.195496 0.013337 0.047718 0.027537 0.013736 0.112037 0.017244 0.006868 0.066686 0.073383 0.036693 0.051714 0.055448 0.050680 0.018041 0.001701 0.002604
24 0.029303 0.000000 0.141772 0.269147 0.005102 0.032216 0.018106 0.009936 0.014705 0.009074 0.015371 0.012142 0.010269 0.195895 0.019807 0.029547 0.156426 0.015876 0.001701 0.013605
25 0.834749 0.002604 0.005102 0.001302 0.002604 0.009032 0.000000 0.011719 0.000000 0.018229 0.005607 0.000000 0.000000 0.002604 0.000000 0.034511 0.045261 0.020669 0.000000 0.006006
26 0.055661 0.001302 0.009115 0.020312 0.010335 0.001302 0.008675 0.272230 0.046880 0.198091 0.030914 0.007373 0.007813 0.021174 0.064123 0.020246 0.021442 0.199108 0.002604 0.001302
27 0.081017 0.005167 0.031045 0.165582 0.006469 0.030670 0.025039 0.009074 0.097772 0.018587 0.003003 0.011238 0.001701 0.085607 0.320916 0.030475 0.029279 0.027554 0.007771 0.012035
28 0.187935 0.000000 0.004305 0.001302 0.156395 0.013403 0.025877 0.078152 0.017707 0.130061 0.109880 0.008211 0.004703 0.001302 0.062838 0.001302 0.015103 0.097333 0.061715 0.022476
29 0.221663 0.054318 0.001302 0.000000 0.011678 0.187592 0.000000 0.158608 0.009115 0.177342 0.049549 0.001302 0.001701 0.006510 0.005208 0.027489 0.010774 0.075849 0.000000 0.000000
30 0.046629 0.006006 0.056881 0.115187 0.000000 0.028440 0.042884 0.010376 0.135269 0.019807 0.007706 0.046880 0.048834 0.054692 0.297211 0.037913 0.034511 0.003906 0.003401 0.003467
END
PROFILE 4
BEGIN
MATRIX ID=103 K=849 L=31
31        A        C        D        E        F        G        H        I        K        L        M        N        P        Q        R        S        T        V        W        Y
 0 0.085122 0.002944 0.001656 0.011410 0.044244 0.001289 0.001289 0.332968 0.062940 0.206527 0.018220 0.000000 0.000000 0.012699 0.035886 0.077577 0.009200 0.093086 0.000000 0.002944
 1 0.081830 0.033333 0.025742 0.049614 0.027118 0.041431 0.007804 0.060000 0.036806 0.113689 0.017754 0.005004 0.003386 0.088095 0.260213 0.008097 0.018117 0.042898 0.006410 0.072658
 2 0.113618 0.004166 0.006311 0.005750 0.076485 0.007099 0.009542 0.037891 0.093498 0.157153 0.050860 0.011990 0.000000 0.040400 0.108259 0.001963 0.064368 0.073559 0.029261 0.107826
 3 0.206504 0.041011 0.009935 0.037050 0.012097 0.097145 0.016667 0.106489 0.054757 0.177968 0.037127 0.002448 0.000000 0.024836 0.007060 0.040780 0.002203 0.107914 0.000000 0.018011
 4 0.113694 0.047511 0.052402 0.132802 0.002688 0.046090 0.025758 0.013166 0.139384 0.041596 0.006720 0.030952 0.037440 0.055155 0.190609 0.034385 0.007233 0.017526 0.002688 0.002203
 5 0.207948 0.000000 0.007099 0.181348 0.032533 0.008577 0.010161 0.029769 0.029411 0.102970 0.017848 0.009302 0.002688 0.080817 0.189771 0.016539 0.011158 0.022731 0.039329 0.000000
 6 0.128671 0.020377 0.025105 0.039084 0.040775 0.003623 0.000000 0.085069 0.017999 0.327989 0.043198 0.009935 0.001104 0.036022 0.060932 0.031459 0.014177 0.101120 0.002688 0.010673
 7 0.241130 0.001344 0.064137 0.287590 0.000000 0.003062 0.028804 0.001344 0.060387 0.080482 0.016667 0.034046 0.000000 0.044053 0.029153 0.065865 0.000859 0.036186 0.000000 0.004891
 8 0.132003 0.000000 0.135611 0.172510 0.003623 0.053108 0.026285 0.000000 0.118108 0.002448 0.003623 0.021213 0.146737 0.052816 0.062170 0.038240 0.017648 0.004406 0.000859 0.008590
 9 0.017870 0.000859 0.033333 0.008951 0.122827 0.098672 0.036607 0.009191 0.001344 0.149905 0.014706 0.004166 0.146303 0.007958 0.005510 0.002203 0.004166 0.025484 0.000000 0.309945
10 0.010309 0.003623 0.145092 0.022010 0.055556 0.156056 0.007713 0.036022 0.036720 0.030226 0.000000 0.116649 0.154231 0.033141 0.047058 0.008336 0.000000 0.051104 0.000000 0.086155
11 0.063532 0.002822 0.000000 0.000000 0.012031 0.000000 0.027778 0.212670 0.000000 0.289151 0.026121 0.033333 0.157735 0.000000 0.000000 0.003623 0.027778 0.129561 0.000000 0.013865
12 0.070015 0.004540 0.063171 0.178751 0.050722 0.024663 0.022285 0.041742 0.010914 0.185357 0.025490 0.003926 0.000000 0.026694 0.021044 0.009676 0.020350 0.161384 0.015645 0.063632
13 0.005376 0.004032 0.000000 0.000000 0.167054 0.000000 0.003436 0.006480 0.000000 0.109605 0.032258 0.027778 0.000000 0.027778 0.027778 0.133941 0.001344 0.000000 0.242391 0.210748
14 0.025319 0.000000 0.000000 0.000000 0.140449 0.000000 0.000000 0.353548 0.000000 0.250884 0.010059 0.000000 0.000000 0.000000 0.000000 0.000000 0.000000 0.164259 0.004482 0.050999
15 0.000000 0.000000 0.000000 0.996894 0.000000 0.003106 0.000000 0.000000 0.000000 0.000000 0.000000 0.000000 0.000000 0.000000 0.000000 0.000000 0.000000 0.000000 0.000000 0.000000
16 0.003689 0.000000 0.395052 0.292535 0.000000 0.047619 0.000000 0.000000 0.000000 0.000000 0.000000 0.000000 0.003145 0.210341 0.000000 0.047619 0.000000 0.000000 0.000000 0.000000
17 0.014134 0.010285 0.000000 0.000000 0.000000 0.037267 0.000000 0.003689 0.000000 0.001348 0.001892 0.000000 0.922297 0.000000 0.000000 0.003106 0.000000 0.005983 0.000000 0.000000
18 0.068302 0.063459 0.000000 0.000000 0.104190 0.003365 0.003106 0.091173 0.000000 0.267062 0.084464 0.000000 0.000000 0.003106 0.001186 0.000000 0.083586 0.220752 0.002695 0.003555
19 0.106191 0.002753 0.167377 0.018418 0.032656 0.039605 0.033149 0.034917 0.027533 0.078594 0.009635 0.013861 0.199216 0.026889 0.068801 0.066454 0.001635 0.013938 0.053589 0.004788
20 0.213007 0.001473 0.014924 0.110362 0.032954 0.140101 0.026323 0.010540 0.014592 0.008976 0.005445 0.000736 0.217871 0.041277 0.025373 0.054440 0.008364 0.042462 0.011973 0.018806
21 0.038435 0.000736 0.261983 0.186913 0.004580 0.129672 0.025763 0.014735 0.009960 0.077492 0.014286 0.045040 0.007817 0.048085 0.018899 0.041896 0.032195 0.001152 0.025397 0.014966
22 0.022405 0.001845 0.483822 0.062905 0.001152 0.030442 0.023033 0.000000 0.019586 0.005162 0.000000 0.168612 0.014286 0.043549 0.029008 0.085716 0.003030 0.000000 0.001473 0.003976
23 0.068776 0.000000 0.025050 0.015277 0.067567 0.089241 0.011439 0.105422 0.027992 0.132583 0.015294 0.034676 0.031890 0.008976 0.078192 0.005162 0.043248 0.066772 0.114041 0.058403
24 0.139763 0.001186 0.163388 0.225290 0.003074 0.045584 0.010247 0.008364 0.011891 0.051382 0.102132 0.008555 0.015041 0.098037 0.018522 0.026745 0.012959 0.025262 0.005000 0.027579
25 0.278675 0.001845 0.071508 0.059974 0.003203 0.292698 0.008056 0.005865 0.028231 0.028631 0.008267 0.022026 0.000000 0.032711 0.036152 0.070622 0.025165 0.008895 0.009767 0.007709
26 0.049497 0.006844 0.001152 0.044330 0.068538 0.019600 0.086507 0.019449 0.000000 0.176736 0.106780 0.004740 0.000000 0.129017 0.071429 0.010736 0.008317 0.003767 0.078798 0.113764
27 0.278629 0.000000 0.004631 0.020326 0.002338 0.022649 0.006807 0.120475 0.085371 0.039749 0.023810 0.004885 0.014088 0.032566 0.152573 0.042071 0.023386 0.123724 0.001922 0.000000
28 0.121019 0.001601 0.028944 0.204150 0.007591 0.008503 0.058454 0.008199 0.106300 0.043454 0.009723 0.027064 0.001152 0.076863 0.188207 0.018930 0.030852 0.011520 0.014673 0.032802
29 0.085956 0.000000 0.000000 0.042857 0.061928 0.000736 0.000000 0.089049 0.045066 0.376218 0.009317 0.028067 0.000000 0.003106 0.069043 0.000000 0.000449 0.179929 0.000000 0.008278
30 0.147037 0.021074 0.001152 0.032413 0.011751 0.011314 0.007575 0.004929 0.112189 0.043138 0.109524 0.026668 0.002304 0.050457 0.182924 0.058505 0.126513 0.011879 0.000000 0.038655
END
PROFILE 4
BEGIN
MATRIX ID=1051 K=357 L=31
31        A        C        D        E        F        G        H        I        K        L        M        N        P        Q        R        S        T        V        W        Y
 0 0.033898 0.005650 0.002825 0.008475 0.402260 0.005650 0.008475 0.161299 0.000000 0.164124 0.066949 0.000000 0.000000 0.000000 0.050000 0.005650 0.000000 0.025424 0.002825 0.056497
 1 0.259322 0.000000 0.005650 0.039548 0.022599 0.055650 0.008475 0.002825 0.087571 0.022599 0.000000 0.000000 0.100000 0.066949 0.297740 0.000000 0.008475 0.014124 0.002825 0.005650
 2 0.078249 0.000000 0.076271 0.140395 0.002825 0.000000 0.061299 0.002825 0.025424 0.005650 0.011299 0.069774 0.212147 0.059322 0.173446 0.014124 0.052825 0.002825 0.005650 0.005650
 3 0.298023 0.000000 0.002825 0.000000 0.067797 0.000000 0.002825 0.028249 0.002825 0.186441 0.056497 0.050000 0.005650 0.002825 0.005650 0.158475 0.058475 0.031073 0.019774 0.022599
 4 0.011299 0.005650 0.050000 0.000000 0.089548 0.000000 0.000000 0.346893 0.000000 0.223164 0.083898 0.002825 0.000000 0.002825 0.000000 0.000000 0.000000 0.181073 0.000000 0.002825
 5 0.159001 0.000000 0.055700 0.261936 0.000000 0.007611 0.001883 0.005727 0.069813 0.042362 0.070511 0.019220 0.000000 0.079229 0.110834 0.038440 0.056475 0.017414 0.000000 0.003844
 6 0.177523 0.000000 0.071774 0.049972 0.000000 0.050748 0.013415 0.007688 0.098527 0.191537 0.021103 0.048167 0.001961 0.057660 0.097984 0.036402 0.028791 0.037177 0.000000 0.009571
 7 0.040246 0.044865 0.101108 0.028791 0.000000 0.388047 0.028869 0.000000 0.036402 0.000000 0.000000 0.041974 0.037177 0.102603 0.121203 0.011455 0.017259 0.000000 0.000000 0.000000
 8 0.451379 0.040246 0.013493 0.003844 0.001883 0.082685 0.003844 0.005805 0.007688 0.040556 0.000000 0.009571 0.033333 0.005805 0.009649 0.218522 0.007688 0.056165 0.007843 0.000000
 9 0.115243 0.050050 0.000000 0.066667 0.019143 0.000000 0.005805 0.090451 0.000000 0.132890 0.005727 0.000000 0.007688 0.000000 0.000000 0.009571 0.005805 0.487194 0.000000 0.003766
10 0.036557 0.000000 0.633267 0.015299 0.000000 0.032480 0.023064 0.000000 0.041021 0.000000 0.000000 0.003766 0.000000 0.106913 0.017259 0.071231 0.019143 0.000000 0.000000 0.000000
11 0.000000 0.000000 0.000000 0.000000 0.073269 0.001961 0.001961 0.484070 0.000000 0.038440 0.009571 0.000000 0.000000 0.000000 0.000000 0.000000 0.003844 0.294472 0.000000 0.092412
12 0.036479 0.007533 0.000000 0.000000 0.028714 0.000000 0.001883 0.277058 0.000000 0.180669 0.011455 0.003922 0.039138 0.000000 0.000000 0.000000 0.001961 0.382397 0.007688 0.021103
13 0.025025 0.000000 0.000000 0.001961 0.000000 0.001883 0.048787 0.000000 0.000000 0.300000 0.082530 0.015299 0.000000 0.460275 0.064241 0.000000 0.000000 0.000000 0.000000 0.000000
14 0.101340 0.009804 0.000000 0.000000 0.007688 0.033333 0.000000 0.032558 0.000000 0.080160 0.009571 0.000000 0.510635 0.000000 0.000000 0.148709 0.044943 0.019375 0.000000 0.001883
15 0.011610 0.001961 0.929877 0.000000 0.000000 0.003922 0.017647 0.000000 0.000000 0.000000 0.000000 0.009649 0.000000 0.000000 0.001961 0.015531 0.007843 0.000000 0.000000 0.000000
16 0.070921 0.005650 0.000000 0.000000 0.003844 0.000000 0.166667 0.163875 0.000000 0.161449 0.007688 0.003844 0.103224 0.000000 0.000000 0.009416 0.048709 0.248986 0.000000 0.005727
17 0.090063 0.103711 0.000000 0.015376 0.007611 0.076803 0.268550 0.030675 0.000000 0.015376 0.028714 0.017182 0.030907 0.021103 0.011532 0.104254 0.117902 0.019220 0.000000 0.041021
18 0.013493 0.003844 0.003844 0.000000 0.141021 0.013415 0.076958 0.009649 0.127473 0.038363 0.011455 0.038595 0.000000 0.013648 0.130309 0.026986 0.028869 0.034596 0.131395 0.156087
19 0.127008 0.188357 0.003844 0.000000 0.005650 0.000000 0.000000 0.063388 0.003922 0.019065 0.017259 0.001883 0.000000 0.001883 0.000000 0.036557 0.046128 0.140346 0.309494 0.035217
20 0.000000 0.001961 0.001961 0.033333 0.000000 0.919918 0.000000 0.000000 0.000000 0.000000 0.000000 0.003766 0.003844 0.000000 0.000000 0.000000 0.035217 0.000000 0.000000 0.000000
21 0.000000 0.000000 0.001961 0.000000 0.000000 0.964706 0.000000 0.000000 0.000000 0.000000 0.033333 0.000000 0.000000 0.000000 0.000000 0.000000 0.000000 0.000000 0.000000 0.000000
22 0.000000 0.000000 0.000000 0.000000 0.063388 0.000000 0.000000 0.459920 0.000000 0.293442 0.019143 0.000000 0.035217 0.033333 0.000000 0.000000 0.001961 0.087947 0.000000 0.005650
23 0.021026 0.000000 0.001883 0.001883 0.000000 0.044788 0.033333 0.007611 0.033333 0.046128 0.013493 0.007533 0.000000 0.000000 0.248632 0.126698 0.390595 0.001883 0.021181 0.000000
24 0.212872 0.000000 0.037100 0.438296 0.000000 0.102448 0.001961 0.000000 0.005650 0.001883 0.003766 0.035217 0.038750 0.026831 0.044633 0.035294 0.011532 0.003766 0.000000 0.000000
25 0.160341 0.087072 0.000000 0.000000 0.061504 0.063465 0.000000 0.021026 0.000000 0.088335 0.057583 0.000000 0.000000 0.003844 0.000000 0.081965 0.223707 0.085887 0.061427 0.003844
26 0.009571 0.000000 0.000000 0.000000 0.007688 0.000000 0.001883 0.088878 0.286551 0.099634 0.132015 0.000000 0.000000 0.119298 0.219962 0.005805 0.001883 0.011455 0.007688 0.007688
27 0.040944 0.001961 0.085732 0.028636 0.007688 0.003844 0.005727 0.003844 0.375374 0.033333 0.000000 0.017259 0.000000 0.054359 0.214623 0.011377 0.076238 0.033333 0.001883 0.003844
28 0.130675 0.003766 0.000000 0.000000 0.000000 0.000000 0.000000 0.448100 0.000000 0.258436 0.013415 0.000000 0.000000 0.000000 0.000000 0.001883 0.003922 0.136036 0.000000 0.003766
29 0.601274 0.044245 0.000000 0.000000 0.005805 0.079462 0.000000 0.007688 0.001883 0.022909 0.003766 0.005650 0.000000 0.035294 0.000000 0.142207 0.011532 0.021103 0.000000 0.017182
30 0.377468 0.000000 0.115243 0.030752 0.001883 0.105107 0.040556 0.009726 0.035217 0.013183 0.035217 0.030752 0.001961 0.048632 0.032480 0.032713 0.067930 0.017337 0.003844 0.000000
END
PROFILE 4
BEGIN
MATRIX ID=1052 K=165 L=31
31        A        C        D        E        F        G        H        I        K        L        M        N        P        Q        R        S        T        V        W        Y
 0 0.144125 0.000000 0.157895 0.071297 0.004386 0.008772 0.000000 0.021930 0.170237 0.061404 0.008772 0.008772 0.000000 0.096083 0.171971 0.043656 0.004386 0.013158 0.000000 0.013158
 1 0.059211 0.007752 0.058191 0.160989 0.044591 0.000000 0.000000 0.039916 0.130015 0.166089 0.036856 0.008772 0.000000 0.037876 0.166990 0.008772 0.030124 0.040936 0.002924 0.000000
 2 0.275806 0.000000 0.011696 0.020468 0.333333 0.168639 0.000000 0.020468 0.002924 0.058480 0.014620 0.000000 0.032164 0.000000 0.014620 0.008772 0.000000 0.038012 0.000000 0.000000
 3 0.255117 0.002924 0.002924 0.011696 0.000000 0.024276 0.011696 0.308582 0.032164 0.032164 0.010676 0.002924 0.000000 0.005848 0.065211 0.013600 0.050439 0.163913 0.000000 0.005848
 4 0.128077 0.020468 0.264654 0.215269 0.002924 0.002924 0.005848 0.011696 0.065075 0.087719 0.005848 0.041684 0.002924 0.025296 0.034068 0.014620 0.047515 0.011696 0.005848 0.005848
 5 0.228070 0.000000 0.040800 0.099891 0.013600 0.008772 0.059211 0.008772 0.106759 0.117707 0.048552 0.063018 0.008772 0.052343 0.052496 0.058191 0.027200 0.005848 0.000000 0.000000
 6 0.008772 0.000000 0.097086 0.083486 0.000000 0.309823 0.030124 0.002924 0.231640 0.002924 0.000000 0.048552 0.008772 0.078658 0.056440 0.021352 0.005848 0.005848 0.000000 0.007752
 7 0.513209 0.050439 0.002924 0.000000 0.008772 0.014620 0.020468 0.045628 0.008772 0.038896 0.010676 0.002924 0.002924 0.000000 0.040936 0.138923 0.033932 0.052360 0.007752 0.005848
 8 0.272712 0.238797 0.000000 0.000000 0.032164 0.066962 0.000000 0.021352 0.000000 0.000000 0.005848 0.000000 0.002924 0.000000 0.000000 0.015504 0.117265 0.165069 0.000000 0.061404
 9 0.002924 0.000000 0.365208 0.011696 0.000000 0.011696 0.163012 0.000000 0.025296 0.000000 0.000000 0.311098 0.000000 0.045764 0.038012 0.005848 0.010676 0.008772 0.000000 0.000000
10 0.267765 0.038760 0.000000 0.000000 0.047515 0.123555 0.002924 0.055556 0.002924 0.109649 0.106725 0.000000 0.000000 0.000000 0.000000 0.075615 0.010676 0.087430 0.005848 0.065058
11 0.021352 0.002924 0.000000 0.000000 0.022372 0.000000 0.000000 0.294472 0.000000 0.164831 0.015504 0.000000 0.002924 0.000000 0.000000 0.015504 0.007752 0.449442 0.000000 0.002924
12 0.005848 0.000000 0.000000 0.000000 0.000000 0.002924 0.000000 0.033932 0.000000 0.294574 0.000000 0.304094 0.000000 0.333333 0.000000 0.011696 0.002924 0.010676 0.000000 0.000000
13 0.000000 0.000000 0.000000 0.000000 0.007752 0.000000 0.000000 0.647576 0.000000 0.168911 0.019448 0.000000 0.000000 0.000000 0.000000 0.007752 0.000000 0.148562 0.000000 0.000000
14 0.000000 0.000000 0.000000 0.000000 0.000000 0.000000 0.000000 0.000000 1.000000 0.000000 0.000000 0.000000 0.000000 0.000000 0.000000 0.000000 0.000000 0.000000 0.000000 0.000000
15 0.007752 0.000000 0.000000 0.000000 0.021352 0.000000 0.000000 0.044744 0.000000 0.277506 0.125000 0.002924 0.112607 0.002924 0.000000 0.005848 0.208333 0.191010 0.000000 0.000000
16 0.058480 0.005848 0.054536 0.002924 0.002924 0.049708 0.007752 0.000000 0.000000 0.008772 0.105263 0.320753 0.342105 0.005848 0.000000 0.020468 0.005848 0.008772 0.000000 0.000000
17 0.000000 0.000000 0.333333 0.000000 0.000000 0.000000 0.000000 0.000000 0.239766 0.000000 0.000000 0.000000 0.000000 0.333333 0.093567 0.000000 0.000000 0.000000 0.000000 0.000000
18 0.034068 0.111111 0.000000 0.000000 0.005848 0.000000 0.000000 0.274242 0.000000 0.258772 0.000000 0.052343 0.000000 0.000000 0.000000 0.032164 0.055556 0.175898 0.000000 0.000000
19 0.000000 0.000000 0.000000 0.000000 0.000000 1.000000 0.000000 0.000000 0.000000 0.000000 0.000000 0.000000 0.000000 0.000000 0.000000 0.000000 0.000000 0.000000 0.000000 0.000000
20 0.000000 0.000000 0.000000 0.000000 0.000000 0.535819 0.000000 0.000000 0.000000 0.000000 0.000000 0.000000 0.000000 0.000000 0.000000 0.247127 0.217054 0.000000 0.000000 0.000000
21 0.000000 0.000000 0.000000 0.000000 0.014620 0.000000 0.005848 0.214793 0.000000 0.389535 0.008772 0.000000 0.005848 0.000000 0.000000 0.000000 0.000000 0.351812 0.000000 0.008772
22 0.066962 0.002924 0.086257 0.005848 0.002924 0.002924 0.062135 0.000000 0.002924 0.062135 0.002924 0.089181 0.000000 0.044591 0.040936 0.118455 0.371889 0.008772 0.010676 0.017544
23 0.043860 0.000000 0.073694 0.424249 0.000000 0.019448 0.002924 0.000000 0.031144 0.000000 0.000000 0.184211 0.046784 0.064038 0.056287 0.002924 0.044591 0.002924 0.000000 0.002924
24 0.376649 0.000000 0.000000 0.000000 0.000000 0.017544 0.000000 0.041667 0.000000 0.000000 0.000000 0.000000 0.000000 0.000000 0.000000 0.221967 0.336325 0.005848 0.000000 0.000000
25 0.136696 0.002924 0.000000 0.005848 0.024276 0.000000 0.002924 0.318917 0.035088 0.228410 0.039780 0.000000 0.000000 0.036992 0.049708 0.002924 0.002924 0.096066 0.005848 0.010676
26 0.054536 0.000000 0.229702 0.214249 0.000000 0.000000 0.008772 0.010676 0.104107 0.022372 0.000000 0.018428 0.000000 0.102798 0.188596 0.017544 0.025296 0.002924 0.000000 0.000000
27 0.597035 0.007752 0.000000 0.000000 0.010676 0.000000 0.000000 0.169591 0.000000 0.049708 0.076023 0.000000 0.000000 0.000000 0.000000 0.007752 0.041684 0.039780 0.000000 0.000000
28 0.129267 0.075598 0.002924 0.000000 0.007752 0.000000 0.049708 0.292007 0.002924 0.101030 0.019448 0.036992 0.000000 0.005848 0.035088 0.010676 0.015504 0.212311 0.000000 0.002924
29 0.052632 0.000000 0.132463 0.100027 0.000000 0.002924 0.011696 0.002924 0.155175 0.219009 0.041667 0.043724 0.000000 0.082466 0.102798 0.027200 0.025296 0.000000 0.000000 0.000000
30 0.011628 0.000000 0.097384 0.000000 0.034884 0.062500 0.000000 0.148256 0.011628 0.209302 0.116279 0.000000 0.000000 0.011628 0.000000 0.000000 0.011628 0.023256 0.000000 0.261628
END
PROFILE 4
BEGIN
MATRIX ID=8 K=56 L=31
31        A        C        D        E        F        G        H        I        K        L        M        N        P        Q        R        S        T        V        W        Y
 0 0.285714 0.035714 0.071429 0.035714 0.000000 0.071429 0.000000 0.035714 0.035714 0.000000 0.000000 0.035714 0.035714 0.035714 0.000000 0.178571 0.035714 0.071429 0.000000 0.035714
 1 0.107143 0.000000 0.000000 0.035714 0.000000 0.321429 0.000000 0.000000 0.214286 0.035714 0.000000 0.071429 0.000000 0.000000 0.035714 0.107143 0.035714 0.000000 0.000000 0.035714
 2 0.321429 0.000000 0.035714 0.000000 0.035714 0.035714 0.000000 0.000000 0.000000 0.142857 0.000000 0.000000 0.035714 0.000000 0.035714 0.035714 0.071429 0.000000 0.000000 0.250000
 3 0.035714 0.035714 0.000000 0.107143 0.000000 0.357143 0.035714 0.000000 0.107143 0.000000 0.000000 0.035714 0.035714 0.071429 0.035714 0.071429 0.035714 0.035714 0.000000 0.000000
 4 0.035714 0.000000 0.000000 0.000000 0.000000 0.107143 0.000000 0.000000 0.035714 0.142857 0.000000 0.071429 0.214286 0.000000 0.000000 0.000000 0.000000 0.035714 0.000000 0.357143
 5 0.000000 0.000000 0.035714 0.071429 0.000000 0.428571 0.000000 0.000000 0.071429 0.035714 0.000000 0.000000 0.035714 0.035714 0.035714 0.000000 0.250000 0.000000 0.000000 0.000000
 6 0.000000 0.000000 0.142857 0.107143 0.000000 0.250000 0.000000 0.000000 0.071429 0.000000 0.000000 0.035714 0.000000 0.035714 0.000000 0.142857 0.107143 0.107143 0.000000 0.000000
 7 0.035714 0.000000 0.285714 0.178571 0.000000 0.071429 0.000000 0.000000 0.392857 0.000000 0.000000 0.000000 0.000000 0.000000 0.035714 0.000000 0.000000 0.000000 0.000000 0.000000
 8 0.000000 0.000000 0.000000 0.000000 0.000000 0.000000 0.000000 0.357143 0.000000 0.000000 0.071429 0.000000 0.000000 0.000000 0.000000 0.000000 0.000000 0.571429 0.000000 0.000000
 9 0.178571 0.071429 0.035714 0.035714 0.035714 0.071429 0.000000 0.035714 0.071429 0.000000 0.000000 0.000000 0.000000 0.035714 0.035714 0.071429 0.000000 0.214286 0.000000 0.107143
10 0.000000 0.000000 0.000000 0.000000 0.107143 0.000000 0.000000 0.571429 0.000000 0.250000 0.035714 0.000000 0.035714 0.000000 0.000000 0.000000 0.000000 0.000000 0.000000 0.000000
11 0.392857 0.035714 0.000000 0.000000 0.000000 0.500000 0.000000 0.000000 0.000000 0.000000 0.000000 0.000000 0.000000 0.000000 0.000000 0.071429 0.000000 0.000000 0.000000 0.000000
12 0.000000 0.000000 0.000000 0.000000 0.035714 0.000000 0.000000 0.250000 0.000000 0.285714 0.357143 0.000000 0.000000 0.000000 0.000000 0.000000 0.000000 0.071429 0.000000 0.000000
13 0.000000 0.000000 1.000000 0.000000 0.000000 0.000000 0.000000 0.000000 0.000000 0.000000 0.000000 0.000000 0.000000 0.000000 0.000000 0.000000 0.000000 0.000000 0.000000 0.000000
14 0.178571 0.107143 0.000000 0.000000 0.071429 0.000000 0.000000 0.035714 0.000000 0.035714 0.000000 0.000000 0.035714 0.000000 0.000000 0.035714 0.035714 0.464286 0.000000 0.000000
15 1.000000 0.000000 0.000000 0.000000 0.000000 0.000000 0.000000 0.000000 0.000000 0.000000 0.000000 0.000000 0.000000 0.000000 0.000000 0.000000 0.000000 0.000000 0.000000 0.000000
16 0.785714 0.000000 0.000000 0.000000 0.000000 0.000000 0.000000 0.000000 0.000000 0.000000 0.000000 0.000000 0.000000 0.000000 0.000000 0.214286 0.000000 0.000000 0.000000 0.000000
17 0.000000 0.000000 0.035714 0.000000 0.000000 0.000000 0.000000 0.000000 0.000000 0.000000 0.000000 0.071429 0.000000 0.000000 0.000000 0.857143 0.035714 0.000000 0.000000 0.000000
18 0.000000 0.000000 0.035714 0.750000 0.000000 0.035714 0.035714 0.000000 0.000000 0.000000 0.000000 0.000000 0.000000 0.035714 0.000000 0.071429 0.000000 0.000000 0.000000 0.035714
19 0.000000 0.000000 0.000000 0.000000 0.642857 0.000000 0.000000 0.035714 0.000000 0.321429 0.000000 0.000000 0.000000 0.000000 0.000000 0.000000 0.000000 0.000000 0.000000 0.000000
20 0.000000 0.000000 0.000000 0.000000 0.107143 0.000000 0.000000 0.000000 0.000000 0.000000 0.035714 0.000000 0.000000 0.035714 0.035714 0.000000 0.000000 0.000000 0.107143 0.678571
21 0.000000 0.035714 0.250000 0.071429 0.000000 0.000000 0.000000 0.000000 0.214286 0.000000 0.000000 0.142857 0.000000 0.035714 0.178571 0.035714 0.000000 0.035714 0.000000 0.000000
22 0.107143 0.000000 0.321429 0.071429 0.000000 0.035714 0.000000 0.000000 0.000000 0.000000 0.000000 0.250000 0.071429 0.000000 0.000000 0.071429 0.035714 0.035714 0.000000 0.000000
