PROTOTYPE 2
BEGIN
MATRIX ID=0 K=749
50        A        C        D        E        F        G        H        I        K        L        M        N        P        Q        R        S        T        V        W        Y 
 0 0.053405 0.014686 0.053405 0.078772 0.036048 0.037383 0.017356 0.064085 0.101469 0.178905 0.064085 0.034713 0.024032 0.020027 0.049399 0.048064 0.049399 0.060080 0.002670 0.012016 
 1 0.054740 0.025367 0.040053 0.068091 0.049399 0.049399 0.009346 0.105474 0.056075 0.120160 0.034713 0.021362 0.024032 0.032043 0.078772 0.080107 0.070761 0.066756 0.001335 0.012016 
 2 0.070761 0.010681 0.064085 0.062750 0.044059 0.048064 0.016021 0.061415 0.076101 0.114820 0.022697 0.038718 0.040053 0.026702 0.046729 0.104139 0.042724 0.061415 0.006676 0.041389 
 3 0.070761 0.002670 0.056075 0.102804 0.056075 0.061415 0.010681 0.052069 0.090788 0.118825 0.012016 0.033378 0.025367 0.033378 0.074766 0.048064 0.042724 0.066756 0.004005 0.037383 
 4 0.066756 0.005340 0.048064 0.054740 0.008011 0.104139 0.005340 0.066756 0.053405 0.229640 0.018692 0.040053 0.034713 0.028037 0.064085 0.058745 0.033378 0.054740 0.001335 0.024032 
 5 0.041389 0.005340 0.057410 0.081442 0.028037 0.030708 0.005340 0.076101 0.045394 0.265688 0.029372 0.028037 0.029372 0.013351 0.089453 0.077437 0.044059 0.040053 0.001335 0.010681 
 6 0.056075 0.005340 0.141522 0.116155 0.010681 0.084112 0.008011 0.021362 0.046729 0.044059 0.004005 0.069426 0.045394 0.020027 0.048064 0.161549 0.070761 0.033378 0.000000 0.013351 
 7 0.046729 0.005340 0.126836 0.138852 0.006676 0.050734 0.012016 0.037383 0.060080 0.060080 0.012016 0.062750 0.090788 0.018692 0.049399 0.093458 0.070761 0.036048 0.005340 0.016021 
 8 0.033378 0.004005 0.068091 0.112150 0.008011 0.013351 0.012016 0.037383 0.068091 0.122830 0.009346 0.042724 0.046729 0.016021 0.077437 0.080107 0.110814 0.041389 0.000000 0.096128 
 9 0.061415 0.005340 0.094793 0.120160 0.021362 0.022697 0.018692 0.042724 0.053405 0.108144 0.013351 0.034713 0.006676 0.044059 0.128171 0.042724 0.086782 0.069426 0.001335 0.024032 
10 0.116155 0.004005 0.036048 0.080107 0.022697 0.016021 0.005340 0.069426 0.110814 0.110814 0.020027 0.017356 0.000000 0.034713 0.198932 0.042724 0.025367 0.048064 0.009346 0.032043 
11 0.094793 0.012016 0.040053 0.084112 0.025367 0.014686 0.010681 0.126836 0.102804 0.133511 0.016021 0.013351 0.004005 0.038718 0.140187 0.026702 0.030708 0.066756 0.004005 0.014686 
12 0.065421 0.000000 0.017356 0.014686 0.021362 0.005340 0.001335 0.301736 0.060080 0.193591 0.033378 0.016021 0.000000 0.013351 0.045394 0.021362 0.024032 0.129506 0.000000 0.036048 
13 0.029372 0.005340 0.017356 0.036048 0.029372 0.009346 0.006676 0.251001 0.036048 0.265688 0.018692 0.016021 0.000000 0.021362 0.029372 0.010681 0.012016 0.072096 0.002670 0.130841 
14 0.077437 0.004005 0.040053 0.100134 0.042724 0.022697 0.012016 0.080107 0.084112 0.268358 0.013351 0.032043 0.004005 0.022697 0.052069 0.038718 0.022697 0.049399 0.001335 0.032043 
15 0.106809 0.016021 0.020027 0.084112 0.029372 0.010681 0.009346 0.142857 0.062750 0.188251 0.026702 0.021362 0.001335 0.025367 0.041389 0.032043 0.050734 0.066756 0.000000 0.064085 
16 0.110814 0.005340 0.008011 0.041389 0.009346 0.010681 0.012016 0.122830 0.022697 0.380507 0.028037 0.026702 0.000000 0.017356 0.037383 0.038718 0.026702 0.084112 0.001335 0.016021 
17 0.062750 0.009346 0.041389 0.112150 0.006676 0.028037 0.014686 0.062750 0.069426 0.271028 0.028037 0.022697 0.005340 0.033378 0.072096 0.054740 0.022697 0.060080 0.005340 0.017356 
18 0.082777 0.008011 0.060080 0.141522 0.004005 0.044059 0.032043 0.022697 0.133511 0.057410 0.006676 0.060080 0.017356 0.044059 0.085447 0.094793 0.041389 0.017356 0.002670 0.044059 
19 0.041389 0.006676 0.097463 0.126836 0.016021 0.112150 0.041389 0.009346 0.117490 0.045394 0.017356 0.121495 0.014686 0.034713 0.068091 0.053405 0.025367 0.013351 0.001335 0.036048 
20 0.042724 0.006676 0.032043 0.092123 0.005340 0.352470 0.008011 0.008011 0.078772 0.005340 0.000000 0.028037 0.130841 0.030708 0.094793 0.048064 0.020027 0.016021 0.000000 0.000000 
21 0.061415 0.012016 0.020027 0.126836 0.009346 0.118825 0.013351 0.012016 0.041389 0.009346 0.005340 0.038718 0.234980 0.021362 0.100134 0.057410 0.038718 0.029372 0.009346 0.040053 
22 0.134846 0.022697 0.005340 0.017356 0.024032 0.014686 0.008011 0.141522 0.050734 0.141522 0.108144 0.013351 0.016021 0.010681 0.045394 0.062750 0.053405 0.110814 0.002670 0.016021 
23 0.012016 0.026702 0.024032 0.005340 0.006676 0.046729 0.010681 0.002670 0.121495 0.010681 0.004005 0.061415 0.028037 0.004005 0.065421 0.220294 0.317757 0.000000 0.000000 0.032043 
24 0.146862 0.005340 0.017356 0.017356 0.056075 0.026702 0.008011 0.110814 0.002670 0.093458 0.012016 0.032043 0.056075 0.100134 0.017356 0.058745 0.050734 0.166889 0.000000 0.021362 
25 0.066756 0.014686 0.082777 0.096128 0.002670 0.057410 0.009346 0.016021 0.100134 0.016021 0.009346 0.041389 0.014686 0.033378 0.082777 0.217624 0.098798 0.018692 0.000000 0.021362 
26 0.025367 0.000000 0.232310 0.511348 0.000000 0.000000 0.000000 0.004005 0.042724 0.002670 0.004005 0.017356 0.000000 0.074766 0.024032 0.022697 0.032043 0.000000 0.001335 0.005340 
27 0.000000 0.000000 0.000000 0.000000 0.000000 0.000000 0.000000 0.514019 0.000000 0.425901 0.000000 0.000000 0.000000 0.000000 0.000000 0.000000 0.000000 0.060080 0.000000 0.000000 
28 0.546061 0.000000 0.000000 0.000000 0.000000 0.025367 0.000000 0.017356 0.000000 0.000000 0.013351 0.000000 0.005340 0.012016 0.033378 0.249666 0.017356 0.080107 0.000000 0.000000 
29 0.045394 0.004005 0.112150 0.272363 0.002670 0.025367 0.016021 0.005340 0.166889 0.012016 0.004005 0.048064 0.002670 0.046729 0.134846 0.062750 0.022697 0.006676 0.000000 0.009346 
30 0.100134 0.002670 0.041389 0.202937 0.010681 0.017356 0.014686 0.076101 0.109479 0.066756 0.030708 0.024032 0.000000 0.038718 0.117490 0.045394 0.033378 0.044059 0.001335 0.022697 
31 0.054740 0.018692 0.000000 0.000000 0.021362 0.000000 0.000000 0.062750 0.000000 0.512684 0.045394 0.000000 0.000000 0.000000 0.000000 0.048064 0.172230 0.064085 0.000000 0.000000 
32 0.001335 0.001335 0.152203 0.054740 0.000000 0.480641 0.014686 0.002670 0.073431 0.014686 0.000000 0.140187 0.000000 0.009346 0.022697 0.029372 0.001335 0.001335 0.000000 0.000000 
33 0.024032 0.000000 0.000000 0.001335 0.008011 0.000000 0.005340 0.237650 0.052069 0.260347 0.058745 0.004005 0.001335 0.002670 0.068091 0.000000 0.026702 0.217624 0.000000 0.032043 
34 0.049399 0.000000 0.077437 0.017356 0.000000 0.028037 0.013351 0.000000 0.037383 0.000000 0.000000 0.076101 0.193591 0.008011 0.021362 0.385848 0.084112 0.000000 0.000000 0.008011 
35 0.040053 0.000000 0.018692 0.072096 0.002670 0.028037 0.012016 0.029372 0.166889 0.056075 0.006676 0.010681 0.149533 0.070761 0.172230 0.040053 0.021362 0.032043 0.009346 0.061415 
36 0.085447 0.000000 0.005340 0.010681 0.000000 0.133511 0.020027 0.000000 0.053405 0.000000 0.000000 0.044059 0.096128 0.072096 0.077437 0.293725 0.098798 0.006676 0.002670 0.000000 
37 0.116155 0.000000 0.000000 0.033378 0.005340 0.002670 0.000000 0.000000 0.069426 0.025367 0.000000 0.042724 0.004005 0.013351 0.057410 0.130841 0.467290 0.021362 0.000000 0.010681 
38 0.101469 0.000000 0.000000 0.000000 0.000000 0.000000 0.000000 0.218959 0.000000 0.081442 0.000000 0.000000 0.000000 0.000000 0.000000 0.000000 0.025367 0.572764 0.000000 0.000000 
39 0.038718 0.000000 0.008011 0.032043 0.013351 0.012016 0.054740 0.033378 0.033378 0.038718 0.006676 0.032043 0.000000 0.034713 0.185581 0.225634 0.074766 0.012016 0.014686 0.149533 
40 0.025367 0.000000 0.072096 0.108144 0.014686 0.022697 0.042724 0.013351 0.132176 0.018692 0.010681 0.088117 0.014686 0.024032 0.170895 0.052069 0.021362 0.014686 0.037383 0.116155 
41 0.101469 0.001335 0.005340 0.017356 0.000000 0.004005 0.236315 0.066756 0.018692 0.030708 0.066756 0.026702 0.001335 0.052069 0.112150 0.058745 0.033378 0.054740 0.005340 0.106809 
42 0.012016 0.000000 0.000000 0.000000 0.014686 0.001335 0.000000 0.208278 0.000000 0.572764 0.054740 0.000000 0.000000 0.000000 0.001335 0.002670 0.012016 0.120160 0.000000 0.000000 
43 0.048064 0.001335 0.073431 0.078772 0.006676 0.017356 0.016021 0.005340 0.204272 0.018692 0.006676 0.102804 0.002670 0.084112 0.164219 0.102804 0.024032 0.013351 0.002670 0.026702 
44 0.042724 0.006676 0.049399 0.088117 0.010681 0.012016 0.014686 0.054740 0.214953 0.034713 0.014686 0.050734 0.017356 0.026702 0.144192 0.085447 0.050734 0.064085 0.001335 0.016021 
45 0.000000 0.000000 0.000000 0.001335 0.000000 0.000000 0.000000 0.000000 0.000000 0.949266 0.049399 0.000000 0.000000 0.000000 0.000000 0.000000 0.000000 0.000000 0.000000 0.000000 
46 0.049399 0.005340 0.017356 0.311081 0.002670 0.006676 0.024032 0.062750 0.101469 0.068091 0.022697 0.020027 0.000000 0.040053 0.070761 0.046729 0.034713 0.089453 0.000000 0.026702 
47 0.088117 0.000000 0.169559 0.213618 0.000000 0.016021 0.014686 0.001335 0.152203 0.008011 0.009346 0.057410 0.000000 0.044059 0.105474 0.084112 0.024032 0.008011 0.000000 0.004005 
48 0.158879 0.014686 0.034713 0.130841 0.013351 0.008011 0.016021 0.025367 0.148198 0.134846 0.036048 0.038718 0.000000 0.032043 0.089453 0.050734 0.022697 0.016021 0.004005 0.025367 
49 0.000000 0.000000 0.061415 0.045394 0.000000 0.762350 0.013351 0.000000 0.030708 0.000000 0.000000 0.049399 0.000000 0.009346 0.017356 0.008011 0.000000 0.000000 0.000000 0.002670 
END
PROTOTYPE 2
BEGIN
MATRIX ID=1 K=50
50        A        C        D        E        F        G        H        I        K        L        M        N        P        Q        R        S        T        V        W        Y 
 0 0.140000 0.000000 0.040000 0.000000 0.060000 0.160000 0.000000 0.240000 0.000000 0.160000 0.060000 0.000000 0.000000 0.000000 0.040000 0.000000 0.020000 0.080000 0.000000 0.000000 
 1 0.220000 0.000000 0.060000 0.000000 0.040000 0.140000 0.000000 0.060000 0.000000 0.260000 0.100000 0.000000 0.000000 0.000000 0.040000 0.000000 0.020000 0.040000 0.000000 0.020000 
 2 0.040000 0.000000 0.300000 0.000000 0.020000 0.100000 0.000000 0.040000 0.020000 0.240000 0.100000 0.020000 0.000000 0.000000 0.000000 0.000000 0.100000 0.020000 0.000000 0.000000 
 3 0.200000 0.000000 0.280000 0.020000 0.000000 0.220000 0.000000 0.060000 0.000000 0.040000 0.020000 0.000000 0.060000 0.000000 0.000000 0.020000 0.000000 0.080000 0.000000 0.000000 
 4 0.460000 0.000000 0.200000 0.000000 0.000000 0.020000 0.000000 0.060000 0.000000 0.040000 0.020000 0.000000 0.060000 0.000000 0.000000 0.020000 0.000000 0.120000 0.000000 0.000000 
 5 0.500000 0.000000 0.160000 0.000000 0.000000 0.040000 0.000000 0.000000 0.000000 0.000000 0.000000 0.000000 0.000000 0.000000 0.000000 0.220000 0.000000 0.080000 0.000000 0.000000 
 6 0.340000 0.000000 0.000000 0.040000 0.040000 0.040000 0.000000 0.000000 0.000000 0.000000 0.000000 0.000000 0.000000 0.020000 0.000000 0.460000 0.000000 0.060000 0.000000 0.000000 
 7 0.280000 0.000000 0.040000 0.160000 0.020000 0.020000 0.000000 0.000000 0.020000 0.020000 0.000000 0.040000 0.000000 0.060000 0.000000 0.340000 0.000000 0.000000 0.000000 0.000000 
 8 0.140000 0.000000 0.040000 0.120000 0.240000 0.020000 0.000000 0.000000 0.000000 0.080000 0.040000 0.000000 0.000000 0.040000 0.000000 0.160000 0.040000 0.000000 0.020000 0.060000 
 9 0.080000 0.000000 0.100000 0.060000 0.200000 0.000000 0.000000 0.000000 0.000000 0.040000 0.040000 0.020000 0.000000 0.040000 0.000000 0.080000 0.040000 0.000000 0.060000 0.240000 
10 0.000000 0.000000 0.260000 0.060000 0.040000 0.000000 0.000000 0.000000 0.020000 0.060000 0.020000 0.120000 0.040000 0.040000 0.000000 0.060000 0.000000 0.000000 0.060000 0.220000 
11 0.040000 0.000000 0.220000 0.160000 0.080000 0.040000 0.000000 0.000000 0.060000 0.080000 0.020000 0.100000 0.040000 0.000000 0.020000 0.040000 0.000000 0.000000 0.060000 0.040000 
12 0.060000 0.000000 0.140000 0.180000 0.020000 0.100000 0.020000 0.060000 0.120000 0.000000 0.000000 0.040000 0.020000 0.000000 0.000000 0.060000 0.000000 0.040000 0.060000 0.080000 
13 0.100000 0.000000 0.100000 0.160000 0.000000 0.180000 0.020000 0.000000 0.220000 0.000000 0.000000 0.040000 0.000000 0.000000 0.020000 0.120000 0.000000 0.040000 0.000000 0.000000 
14 0.040000 0.000000 0.040000 0.080000 0.000000 0.260000 0.000000 0.000000 0.200000 0.000000 0.020000 0.060000 0.000000 0.000000 0.020000 0.120000 0.020000 0.040000 0.000000 0.100000 
15 0.000000 0.000000 0.020000 0.100000 0.000000 0.220000 0.020000 0.000000 0.060000 0.020000 0.020000 0.080000 0.000000 0.000000 0.060000 0.060000 0.080000 0.120000 0.000000 0.140000 
16 0.000000 0.000000 0.000000 0.020000 0.000000 0.040000 0.020000 0.000000 0.060000 0.140000 0.000000 0.040000 0.000000 0.000000 0.080000 0.020000 0.060000 0.140000 0.000000 0.380000 
17 0.020000 0.000000 0.000000 0.040000 0.000000 0.060000 0.000000 0.060000 0.080000 0.060000 0.000000 0.000000 0.000000 0.020000 0.080000 0.040000 0.020000 0.100000 0.000000 0.420000 
18 0.040000 0.000000 0.000000 0.040000 0.000000 0.000000 0.000000 0.140000 0.080000 0.020000 0.000000 0.060000 0.000000 0.000000 0.080000 0.060000 0.060000 0.300000 0.000000 0.120000 
19 0.040000 0.000000 0.140000 0.200000 0.000000 0.000000 0.000000 0.060000 0.080000 0.020000 0.000000 0.040000 0.000000 0.020000 0.040000 0.060000 0.040000 0.100000 0.000000 0.160000 
20 0.020000 0.000000 0.220000 0.160000 0.000000 0.260000 0.000000 0.000000 0.100000 0.040000 0.000000 0.040000 0.000000 0.000000 0.040000 0.040000 0.000000 0.040000 0.020000 0.020000 
21 0.040000 0.000000 0.080000 0.020000 0.000000 0.300000 0.060000 0.000000 0.120000 0.020000 0.000000 0.080000 0.000000 0.020000 0.160000 0.000000 0.060000 0.020000 0.000000 0.020000 
22 0.040000 0.000000 0.000000 0.140000 0.000000 0.020000 0.020000 0.000000 0.320000 0.020000 0.000000 0.000000 0.000000 0.020000 0.160000 0.040000 0.100000 0.120000 0.000000 0.000000 
23 0.000000 0.000000 0.000000 0.140000 0.000000 0.060000 0.000000 0.020000 0.180000 0.200000 0.000000 0.000000 0.000000 0.020000 0.140000 0.040000 0.040000 0.100000 0.000000 0.060000 
24 0.000000 0.000000 0.040000 0.000000 0.000000 0.000000 0.000000 0.020000 0.080000 0.300000 0.000000 0.000000 0.000000 0.000000 0.100000 0.160000 0.220000 0.020000 0.000000 0.060000 
25 0.060000 0.000000 0.060000 0.000000 0.000000 0.000000 0.000000 0.000000 0.020000 0.000000 0.000000 0.000000 0.100000 0.000000 0.100000 0.260000 0.400000 0.000000 0.000000 0.000000 
26 0.100000 0.000000 0.080000 0.240000 0.000000 0.020000 0.000000 0.000000 0.000000 0.000000 0.000000 0.040000 0.160000 0.000000 0.180000 0.040000 0.140000 0.000000 0.000000 0.000000 
27 0.020000 0.000000 0.200000 0.560000 0.000000 0.040000 0.000000 0.000000 0.040000 0.000000 0.000000 0.020000 0.000000 0.060000 0.040000 0.000000 0.000000 0.000000 0.000000 0.020000 
28 0.000000 0.000000 0.100000 0.340000 0.000000 0.020000 0.020000 0.000000 0.040000 0.160000 0.100000 0.000000 0.000000 0.220000 0.000000 0.000000 0.000000 0.000000 0.000000 0.000000 
29 0.000000 0.000000 0.000000 0.000000 0.040000 0.000000 0.020000 0.220000 0.080000 0.240000 0.100000 0.000000 0.000000 0.200000 0.000000 0.020000 0.040000 0.040000 0.000000 0.000000 
30 0.100000 0.000000 0.140000 0.180000 0.040000 0.020000 0.000000 0.280000 0.000000 0.080000 0.000000 0.000000 0.000000 0.000000 0.000000 0.020000 0.060000 0.080000 0.000000 0.000000 
31 0.060000 0.000000 0.180000 0.280000 0.080000 0.020000 0.000000 0.020000 0.000000 0.060000 0.000000 0.000000 0.000000 0.000000 0.040000 0.020000 0.020000 0.020000 0.000000 0.200000 
32 0.000000 0.000000 0.020000 0.000000 0.100000 0.000000 0.000000 0.160000 0.000000 0.140000 0.020000 0.000000 0.000000 0.000000 0.040000 0.000000 0.000000 0.020000 0.000000 0.500000 
33 0.180000 0.000000 0.000000 0.080000 0.000000 0.000000 0.000000 0.140000 0.100000 0.040000 0.020000 0.000000 0.000000 0.020000 0.020000 0.000000 0.000000 0.120000 0.000000 0.280000 
34 0.140000 0.000000 0.160000 0.200000 0.000000 0.040000 0.000000 0.040000 0.160000 0.040000 0.000000 0.000000 0.000000 0.040000 0.100000 0.040000 0.000000 0.040000 0.000000 0.000000 
35 0.000000 0.000000 0.180000 0.160000 0.000000 0.040000 0.000000 0.040000 0.060000 0.280000 0.080000 0.000000 0.000000 0.040000 0.020000 0.080000 0.000000 0.020000 0.000000 0.000000 
36 0.060000 0.000000 0.000000 0.000000 0.000000 0.000000 0.000000 0.200000 0.040000 0.340000 0.080000 0.000000 0.000000 0.000000 0.020000 0.000000 0.040000 0.220000 0.000000 0.000000 
37 0.120000 0.000000 0.120000 0.120000 0.000000 0.020000 0.000000 0.140000 0.040000 0.000000 0.000000 0.020000 0.020000 0.000000 0.040000 0.100000 0.040000 0.220000 0.000000 0.000000 
38 0.080000 0.000000 0.140000 0.280000 0.000000 0.000000 0.000000 0.000000 0.140000 0.000000 0.020000 0.020000 0.000000 0.080000 0.100000 0.060000 0.060000 0.020000 0.000000 0.000000 
39 0.040000 0.000000 0.060000 0.140000 0.020000 0.000000 0.000000 0.000000 0.060000 0.000000 0.020000 0.020000 0.000000 0.080000 0.040000 0.020000 0.060000 0.040000 0.000000 0.400000 
40 0.000000 0.000000 0.100000 0.020000 0.060000 0.040000 0.020000 0.020000 0.000000 0.000000 0.000000 0.060000 0.260000 0.000000 0.000000 0.000000 0.000000 0.000000 0.000000 0.420000 
41 0.000000 0.000000 0.120000 0.000000 0.040000 0.060000 0.000000 0.220000 0.000000 0.200000 0.000000 0.080000 0.260000 0.000000 0.000000 0.000000 0.000000 0.020000 0.000000 0.000000 
42 0.000000 0.000000 0.000000 0.000000 0.020000 0.020000 0.000000 0.320000 0.040000 0.240000 0.040000 0.000000 0.000000 0.000000 0.020000 0.000000 0.000000 0.280000 0.000000 0.020000 
43 0.040000 0.000000 0.020000 0.000000 0.000000 0.020000 0.000000 0.120000 0.000000 0.040000 0.020000 0.000000 0.000000 0.000000 0.020000 0.160000 0.000000 0.240000 0.000000 0.320000 
44 0.000000 0.000000 0.020000 0.000000 0.020000 0.040000 0.000000 0.240000 0.000000 0.060000 0.020000 0.000000 0.000000 0.000000 0.000000 0.160000 0.000000 0.140000 0.000000 0.300000 
45 0.000000 0.000000 0.000000 0.440000 0.020000 0.020000 0.000000 0.280000 0.000000 0.060000 0.000000 0.000000 0.000000 0.000000 0.000000 0.000000 0.000000 0.180000 0.000000 0.000000 
46 0.000000 0.000000 0.420000 0.480000 0.000000 0.020000 0.000000 0.040000 0.000000 0.000000 0.000000 0.020000 0.000000 0.000000 0.000000 0.000000 0.000000 0.020000 0.000000 0.000000 
47 0.020000 0.000000 0.540000 0.000000 0.000000 0.080000 0.000000 0.000000 0.000000 0.000000 0.000000 0.020000 0.340000 0.000000 0.000000 0.000000 0.000000 0.000000 0.000000 0.000000 
48 0.040000 0.000000 0.040000 0.000000 0.160000 0.080000 0.000000 0.020000 0.000000 0.260000 0.000000 0.000000 0.400000 0.000000 0.000000 0.000000 0.000000 0.000000 0.000000 0.000000 
49 0.060000 0.000000 0.020000 0.060000 0.180000 0.020000 0.120000 0.040000 0.000000 0.300000 0.020000 0.000000 0.000000 0.040000 0.000000 0.040000 0.000000 0.020000 0.000000 0.080000 
END
PROTOTYPE 2
BEGIN
MATRIX ID=2 K=288
50        A        C        D        E        F        G        H        I        K        L        M        N        P        Q        R        S        T        V        W        Y 
 0 0.083333 0.003472 0.125000 0.225694 0.000000 0.038194 0.013889 0.034722 0.079861 0.017361 0.010417 0.038194 0.003472 0.055556 0.100694 0.093750 0.048611 0.024306 0.000000 0.003472 
 1 0.069444 0.000000 0.017361 0.045139 0.027778 0.006944 0.000000 0.163194 0.069444 0.305556 0.017361 0.010417 0.000000 0.006944 0.072917 0.013889 0.065972 0.069444 0.000000 0.038194 
 2 0.052083 0.003472 0.118056 0.149306 0.020833 0.031250 0.006944 0.010417 0.107639 0.097222 0.003472 0.052083 0.006944 0.045139 0.142361 0.086806 0.031250 0.024306 0.000000 0.010417 
 3 0.097222 0.000000 0.069444 0.250000 0.013889 0.048611 0.000000 0.013889 0.104167 0.045139 0.003472 0.045139 0.006944 0.062500 0.072917 0.107639 0.031250 0.020833 0.000000 0.006944 
 4 0.065972 0.000000 0.045139 0.197917 0.003472 0.006944 0.006944 0.031250 0.111111 0.072917 0.003472 0.031250 0.000000 0.114583 0.107639 0.055556 0.072917 0.048611 0.000000 0.024306 
 5 0.020833 0.010417 0.003472 0.010417 0.000000 0.013889 0.000000 0.267361 0.041667 0.260417 0.010417 0.093750 0.000000 0.010417 0.048611 0.013889 0.013889 0.128472 0.000000 0.052083 
 6 0.104167 0.000000 0.149306 0.149306 0.000000 0.052083 0.000000 0.013889 0.114583 0.031250 0.010417 0.086806 0.006944 0.079861 0.086806 0.045139 0.045139 0.010417 0.000000 0.013889 
 7 0.083333 0.000000 0.135417 0.270833 0.000000 0.024306 0.000000 0.010417 0.090278 0.000000 0.006944 0.010417 0.006944 0.052083 0.135417 0.111111 0.048611 0.013889 0.000000 0.000000 
 8 0.083333 0.000000 0.000000 0.020833 0.013889 0.003472 0.000000 0.208333 0.055556 0.364583 0.020833 0.000000 0.000000 0.000000 0.041667 0.000000 0.059028 0.072917 0.000000 0.055556 
 9 0.017361 0.000000 0.104167 0.152778 0.020833 0.027778 0.006944 0.017361 0.107639 0.055556 0.006944 0.083333 0.010417 0.079861 0.114583 0.104167 0.027778 0.041667 0.006944 0.013889 
10 0.138889 0.000000 0.062500 0.187500 0.000000 0.093750 0.000000 0.010417 0.086806 0.031250 0.003472 0.062500 0.003472 0.069444 0.062500 0.097222 0.048611 0.041667 0.000000 0.000000 
11 0.065972 0.000000 0.055556 0.215278 0.000000 0.003472 0.000000 0.010417 0.138889 0.045139 0.010417 0.020833 0.000000 0.142361 0.156250 0.024306 0.069444 0.024306 0.000000 0.017361 
12 0.041667 0.000000 0.003472 0.000000 0.000000 0.000000 0.000000 0.350694 0.031250 0.260417 0.000000 0.055556 0.000000 0.017361 0.048611 0.013889 0.013889 0.093750 0.000000 0.069444 
13 0.114583 0.000000 0.239583 0.180556 0.000000 0.055556 0.000000 0.006944 0.076389 0.020833 0.000000 0.062500 0.000000 0.069444 0.038194 0.100694 0.027778 0.006944 0.000000 0.000000 
14 0.048611 0.000000 0.135417 0.326389 0.000000 0.031250 0.003472 0.000000 0.069444 0.003472 0.000000 0.020833 0.000000 0.059028 0.107639 0.142361 0.041667 0.003472 0.000000 0.006944 
15 0.072917 0.000000 0.000000 0.000000 0.000000 0.003472 0.000000 0.149306 0.048611 0.430556 0.010417 0.000000 0.000000 0.031250 0.059028 0.000000 0.069444 0.097222 0.000000 0.027778 
16 0.038194 0.000000 0.076389 0.201389 0.020833 0.034722 0.003472 0.000000 0.093750 0.031250 0.003472 0.125000 0.003472 0.100694 0.121528 0.093750 0.020833 0.017361 0.000000 0.013889 
17 0.142361 0.000000 0.048611 0.156250 0.003472 0.090278 0.006944 0.010417 0.121528 0.006944 0.000000 0.041667 0.006944 0.065972 0.118056 0.125000 0.038194 0.013889 0.000000 0.003472 
18 0.041667 0.000000 0.020833 0.239583 0.000000 0.006944 0.000000 0.010417 0.152778 0.003472 0.006944 0.006944 0.000000 0.156250 0.277778 0.034722 0.017361 0.024306 0.000000 0.000000 
19 0.034722 0.000000 0.000000 0.000000 0.013889 0.000000 0.000000 0.458333 0.000000 0.243056 0.017361 0.000000 0.000000 0.000000 0.041667 0.000000 0.000000 0.118056 0.000000 0.072917 
20 0.100694 0.000000 0.315972 0.163194 0.000000 0.034722 0.000000 0.000000 0.041667 0.003472 0.000000 0.086806 0.010417 0.104167 0.010417 0.076389 0.038194 0.013889 0.000000 0.000000 
21 0.065972 0.000000 0.138889 0.388889 0.000000 0.017361 0.000000 0.000000 0.079861 0.006944 0.000000 0.003472 0.000000 0.069444 0.041667 0.138889 0.048611 0.000000 0.000000 0.000000 
22 0.038194 0.000000 0.000000 0.000000 0.000000 0.000000 0.000000 0.090278 0.034722 0.593750 0.000000 0.000000 0.000000 0.000000 0.045139 0.000000 0.118056 0.079861 0.000000 0.000000 
23 0.017361 0.000000 0.065972 0.197917 0.020833 0.027778 0.000000 0.017361 0.111111 0.000000 0.000000 0.145833 0.000000 0.100694 0.100694 0.138889 0.041667 0.000000 0.000000 0.013889 
24 0.138889 0.000000 0.048611 0.128472 0.006944 0.083333 0.000000 0.000000 0.194444 0.006944 0.000000 0.041667 0.003472 0.090278 0.097222 0.104167 0.038194 0.017361 0.000000 0.000000 
25 0.055556 0.000000 0.062500 0.187500 0.000000 0.000000 0.000000 0.000000 0.104167 0.027778 0.010417 0.013889 0.000000 0.177083 0.336806 0.000000 0.024306 0.000000 0.000000 0.000000 
26 0.000000 0.000000 0.006944 0.024306 0.003472 0.003472 0.017361 0.423611 0.000000 0.194444 0.031250 0.000000 0.000000 0.027778 0.083333 0.000000 0.003472 0.138889 0.000000 0.041667 
27 0.100694 0.000000 0.347222 0.194444 0.003472 0.000000 0.000000 0.003472 0.027778 0.013889 0.003472 0.083333 0.000000 0.048611 0.045139 0.093750 0.031250 0.003472 0.000000 0.000000 
28 0.097222 0.000000 0.107639 0.427083 0.000000 0.024306 0.000000 0.006944 0.045139 0.000000 0.003472 0.010417 0.000000 0.111111 0.000000 0.121528 0.034722 0.006944 0.000000 0.003472 
29 0.038194 0.000000 0.000000 0.010417 0.003472 0.000000 0.000000 0.138889 0.062500 0.465278 0.013889 0.006944 0.000000 0.000000 0.069444 0.003472 0.086806 0.083333 0.003472 0.013889 
30 0.052083 0.000000 0.065972 0.149306 0.034722 0.024306 0.000000 0.031250 0.083333 0.017361 0.000000 0.152778 0.000000 0.083333 0.107639 0.114583 0.045139 0.024306 0.000000 0.013889 
31 0.114583 0.000000 0.076389 0.107639 0.000000 0.069444 0.000000 0.003472 0.187500 0.024306 0.013889 0.048611 0.006944 0.131944 0.069444 0.072917 0.048611 0.024306 0.000000 0.000000 
32 0.045139 0.000000 0.038194 0.229167 0.000000 0.013889 0.000000 0.010417 0.118056 0.013889 0.000000 0.020833 0.000000 0.187500 0.246528 0.024306 0.045139 0.006944 0.000000 0.000000 
33 0.010417 0.000000 0.000000 0.038194 0.024306 0.000000 0.000000 0.329861 0.041667 0.277778 0.024306 0.000000 0.000000 0.024306 0.069444 0.006944 0.003472 0.100694 0.000000 0.048611 
34 0.097222 0.000000 0.229167 0.177083 0.003472 0.069444 0.000000 0.006944 0.072917 0.017361 0.000000 0.083333 0.003472 0.055556 0.048611 0.076389 0.027778 0.013889 0.000000 0.017361 
35 0.111111 0.000000 0.097222 0.277778 0.003472 0.027778 0.003472 0.006944 0.086806 0.027778 0.010417 0.034722 0.000000 0.062500 0.083333 0.107639 0.027778 0.020833 0.000000 0.010417 
36 0.034722 0.000000 0.000000 0.000000 0.003472 0.000000 0.000000 0.079861 0.083333 0.482639 0.010417 0.000000 0.000000 0.006944 0.111111 0.003472 0.069444 0.097222 0.000000 0.017361 
37 0.041667 0.000000 0.052083 0.184028 0.038194 0.013889 0.003472 0.079861 0.062500 0.027778 0.006944 0.093750 0.000000 0.100694 0.104167 0.100694 0.034722 0.024306 0.006944 0.024306 
38 0.100694 0.000000 0.135417 0.184028 0.006944 0.048611 0.000000 0.013889 0.131944 0.006944 0.010417 0.048611 0.003472 0.076389 0.072917 0.090278 0.052083 0.010417 0.003472 0.003472 
39 0.038194 0.000000 0.045139 0.319444 0.000000 0.000000 0.000000 0.000000 0.076389 0.038194 0.000000 0.020833 0.000000 0.159722 0.229167 0.038194 0.034722 0.000000 0.000000 0.000000 
40 0.013889 0.000000 0.000000 0.024306 0.000000 0.000000 0.000000 0.302083 0.055556 0.295139 0.020833 0.017361 0.003472 0.000000 0.048611 0.006944 0.041667 0.100694 0.000000 0.069444 
41 0.100694 0.000000 0.197917 0.118056 0.000000 0.034722 0.013889 0.017361 0.076389 0.031250 0.003472 0.131944 0.003472 0.059028 0.055556 0.111111 0.020833 0.013889 0.000000 0.010417 
42 0.097222 0.000000 0.111111 0.250000 0.006944 0.031250 0.003472 0.000000 0.142361 0.000000 0.003472 0.048611 0.003472 0.055556 0.100694 0.104167 0.038194 0.003472 0.000000 0.000000 
43 0.010417 0.000000 0.000000 0.010417 0.000000 0.000000 0.000000 0.062500 0.079861 0.517361 0.000000 0.000000 0.000000 0.000000 0.190972 0.000000 0.024306 0.093750 0.000000 0.010417 
44 0.048611 0.000000 0.038194 0.187500 0.027778 0.017361 0.000000 0.145833 0.065972 0.020833 0.006944 0.072917 0.006944 0.076389 0.118056 0.097222 0.017361 0.034722 0.000000 0.017361 
45 0.093750 0.000000 0.170139 0.184028 0.006944 0.038194 0.003472 0.020833 0.111111 0.020833 0.003472 0.034722 0.006944 0.065972 0.062500 0.093750 0.076389 0.003472 0.000000 0.003472 
46 0.072917 0.000000 0.041667 0.291667 0.000000 0.020833 0.000000 0.017361 0.083333 0.059028 0.000000 0.010417 0.000000 0.131944 0.187500 0.024306 0.038194 0.020833 0.000000 0.000000 
47 0.038194 0.000000 0.006944 0.027778 0.013889 0.003472 0.000000 0.256944 0.048611 0.229167 0.027778 0.027778 0.000000 0.010417 0.072917 0.006944 0.059028 0.097222 0.000000 0.072917 
48 0.111111 0.000000 0.166667 0.166667 0.003472 0.034722 0.006944 0.013889 0.062500 0.017361 0.013889 0.138889 0.000000 0.048611 0.055556 0.072917 0.041667 0.020833 0.000000 0.024306 
49 0.076389 0.000000 0.128472 0.204861 0.003472 0.024306 0.006944 0.024306 0.135417 0.006944 0.006944 0.041667 0.006944 0.079861 0.079861 0.086806 0.048611 0.020833 0.010417 0.006944 
END
PROTOTYPE 2
BEGIN
MATRIX ID=3 K=74
50        A        C        D        E        F        G        H        I        K        L        M        N        P        Q        R        S        T        V        W        Y 
 0 0.000000 0.000000 0.000000 0.000000 0.013514 0.635135 0.013514 0.000000 0.000000 0.121622 0.067568 0.000000 0.000000 0.148649 0.000000 0.000000 0.000000 0.000000 0.000000 0.000000 
 1 0.040541 0.000000 0.000000 0.000000 0.027027 0.040541 0.216216 0.202703 0.000000 0.121622 0.013514 0.081081 0.000000 0.027027 0.135135 0.027027 0.040541 0.027027 0.000000 0.000000 
 2 0.040541 0.000000 0.148649 0.229730 0.013514 0.067568 0.000000 0.000000 0.229730 0.000000 0.013514 0.013514 0.000000 0.013514 0.135135 0.040541 0.054054 0.000000 0.000000 0.000000 
 3 0.000000 0.000000 0.000000 0.000000 0.067568 0.000000 0.000000 0.027027 0.000000 0.040541 0.000000 0.000000 0.000000 0.013514 0.621622 0.013514 0.013514 0.013514 0.000000 0.189189 
 4 0.040541 0.000000 0.000000 0.040541 0.000000 0.013514 0.013514 0.094595 0.067568 0.013514 0.013514 0.013514 0.000000 0.054054 0.391892 0.000000 0.013514 0.027027 0.000000 0.202703 
 5 0.108108 0.000000 0.000000 0.054054 0.108108 0.000000 0.000000 0.364865 0.094595 0.189189 0.000000 0.000000 0.000000 0.013514 0.013514 0.000000 0.000000 0.040541 0.000000 0.013514 
 6 0.027027 0.000000 0.108108 0.121622 0.000000 0.040541 0.000000 0.108108 0.040541 0.000000 0.000000 0.000000 0.000000 0.013514 0.013514 0.054054 0.027027 0.445946 0.000000 0.000000 
 7 0.000000 0.000000 0.000000 0.000000 0.000000 0.000000 0.000000 0.148649 0.013514 0.716216 0.067568 0.000000 0.000000 0.000000 0.000000 0.013514 0.000000 0.040541 0.000000 0.000000 
 8 0.054054 0.000000 0.000000 0.000000 0.000000 0.594595 0.000000 0.094595 0.000000 0.013514 0.000000 0.000000 0.000000 0.000000 0.000000 0.054054 0.027027 0.162162 0.000000 0.000000 
 9 0.040541 0.000000 0.094595 0.121622 0.000000 0.000000 0.000000 0.000000 0.621622 0.000000 0.000000 0.027027 0.000000 0.000000 0.027027 0.054054 0.000000 0.000000 0.000000 0.013514 
10 0.013514 0.000000 0.040541 0.081081 0.000000 0.000000 0.567568 0.013514 0.054054 0.027027 0.027027 0.000000 0.000000 0.054054 0.027027 0.013514 0.040541 0.013514 0.000000 0.027027 
11 0.121622 0.000000 0.000000 0.000000 0.027027 0.000000 0.013514 0.013514 0.000000 0.000000 0.013514 0.000000 0.013514 0.000000 0.000000 0.229730 0.189189 0.054054 0.000000 0.324324 
12 0.013514 0.000000 0.081081 0.000000 0.000000 0.648649 0.000000 0.000000 0.013514 0.000000 0.000000 0.054054 0.189189 0.000000 0.000000 0.000000 0.000000 0.000000 0.000000 0.000000 
13 0.081081 0.027027 0.000000 0.000000 0.013514 0.013514 0.000000 0.162162 0.135135 0.175676 0.013514 0.000000 0.000000 0.000000 0.243243 0.027027 0.081081 0.027027 0.000000 0.000000 
14 0.094595 0.000000 0.000000 0.000000 0.000000 0.000000 0.270270 0.094595 0.067568 0.040541 0.013514 0.040541 0.000000 0.000000 0.081081 0.067568 0.027027 0.135135 0.000000 0.067568 
15 0.405405 0.000000 0.000000 0.000000 0.000000 0.081081 0.000000 0.000000 0.000000 0.000000 0.000000 0.013514 0.013514 0.013514 0.000000 0.229730 0.000000 0.027027 0.000000 0.216216 
16 0.013514 0.000000 0.000000 0.000000 0.013514 0.000000 0.000000 0.283784 0.000000 0.243243 0.013514 0.000000 0.000000 0.000000 0.000000 0.013514 0.000000 0.418919 0.000000 0.000000 
17 0.000000 0.013514 0.013514 0.500000 0.000000 0.000000 0.013514 0.040541 0.175676 0.013514 0.000000 0.013514 0.000000 0.027027 0.121622 0.013514 0.013514 0.040541 0.000000 0.000000 
18 0.135135 0.000000 0.364865 0.054054 0.000000 0.027027 0.040541 0.000000 0.081081 0.040541 0.000000 0.000000 0.000000 0.054054 0.027027 0.040541 0.013514 0.013514 0.013514 0.094595 
19 0.148649 0.000000 0.000000 0.000000 0.000000 0.040541 0.000000 0.108108 0.189189 0.027027 0.067568 0.000000 0.283784 0.000000 0.054054 0.027027 0.000000 0.054054 0.000000 0.000000 
20 0.040541 0.000000 0.000000 0.000000 0.121622 0.000000 0.000000 0.040541 0.000000 0.743243 0.027027 0.000000 0.000000 0.000000 0.000000 0.000000 0.013514 0.013514 0.000000 0.000000 
21 0.027027 0.000000 0.081081 0.175676 0.013514 0.013514 0.121622 0.013514 0.135135 0.000000 0.000000 0.094595 0.000000 0.067568 0.054054 0.067568 0.027027 0.027027 0.000000 0.081081 
22 0.013514 0.000000 0.094595 0.648649 0.000000 0.000000 0.027027 0.000000 0.013514 0.013514 0.013514 0.013514 0.000000 0.027027 0.000000 0.081081 0.054054 0.000000 0.000000 0.000000 
23 0.081081 0.013514 0.067568 0.162162 0.027027 0.013514 0.040541 0.054054 0.013514 0.162162 0.108108 0.067568 0.000000 0.040541 0.013514 0.000000 0.027027 0.027027 0.000000 0.081081 
24 0.027027 0.000000 0.337838 0.027027 0.000000 0.459459 0.027027 0.000000 0.000000 0.000000 0.000000 0.081081 0.000000 0.000000 0.013514 0.013514 0.000000 0.000000 0.000000 0.013514 
25 0.000000 0.000000 0.000000 0.013514 0.229730 0.000000 0.000000 0.256757 0.000000 0.081081 0.013514 0.000000 0.000000 0.000000 0.000000 0.000000 0.013514 0.081081 0.054054 0.256757 
26 0.027027 0.013514 0.216216 0.324324 0.013514 0.000000 0.040541 0.000000 0.094595 0.000000 0.000000 0.108108 0.000000 0.054054 0.027027 0.054054 0.027027 0.000000 0.000000 0.000000 
27 0.054054 0.000000 0.013514 0.000000 0.000000 0.229730 0.000000 0.027027 0.013514 0.189189 0.027027 0.013514 0.175676 0.000000 0.013514 0.054054 0.013514 0.162162 0.000000 0.013514 
28 0.013514 0.000000 0.067568 0.040541 0.297297 0.054054 0.000000 0.000000 0.013514 0.000000 0.013514 0.067568 0.000000 0.000000 0.000000 0.229730 0.148649 0.013514 0.027027 0.013514 
29 0.243243 0.000000 0.256757 0.216216 0.000000 0.000000 0.000000 0.013514 0.054054 0.000000 0.000000 0.027027 0.054054 0.000000 0.040541 0.054054 0.027027 0.013514 0.000000 0.000000 
30 0.135135 0.000000 0.175676 0.351351 0.013514 0.013514 0.000000 0.000000 0.081081 0.013514 0.013514 0.040541 0.013514 0.027027 0.040541 0.027027 0.054054 0.000000 0.000000 0.000000 
31 0.027027 0.000000 0.027027 0.189189 0.000000 0.013514 0.027027 0.094595 0.040541 0.243243 0.027027 0.000000 0.000000 0.270270 0.000000 0.013514 0.013514 0.013514 0.000000 0.000000 
32 0.027027 0.000000 0.000000 0.000000 0.054054 0.000000 0.000000 0.040541 0.000000 0.310811 0.027027 0.054054 0.000000 0.054054 0.013514 0.027027 0.270270 0.121622 0.000000 0.000000 
33 0.067568 0.067568 0.135135 0.067568 0.000000 0.013514 0.000000 0.027027 0.175676 0.000000 0.040541 0.121622 0.000000 0.040541 0.108108 0.108108 0.027027 0.000000 0.000000 0.000000 
34 0.081081 0.000000 0.013514 0.310811 0.000000 0.013514 0.000000 0.013514 0.081081 0.040541 0.027027 0.000000 0.000000 0.108108 0.175676 0.013514 0.067568 0.027027 0.013514 0.013514 
35 0.013514 0.000000 0.013514 0.000000 0.040541 0.000000 0.000000 0.445946 0.000000 0.243243 0.000000 0.000000 0.000000 0.027027 0.000000 0.000000 0.000000 0.216216 0.000000 0.000000 
36 0.013514 0.013514 0.000000 0.000000 0.108108 0.175676 0.000000 0.040541 0.094595 0.202703 0.013514 0.000000 0.013514 0.000000 0.013514 0.040541 0.040541 0.189189 0.013514 0.027027 
37 0.081081 0.040541 0.229730 0.175676 0.000000 0.054054 0.013514 0.027027 0.094595 0.000000 0.000000 0.067568 0.000000 0.000000 0.067568 0.108108 0.013514 0.027027 0.000000 0.000000 
38 0.000000 0.000000 0.013514 0.081081 0.000000 0.000000 0.000000 0.013514 0.202703 0.040541 0.027027 0.027027 0.000000 0.067568 0.418919 0.000000 0.081081 0.027027 0.000000 0.000000 
39 0.000000 0.054054 0.027027 0.000000 0.013514 0.000000 0.000000 0.337838 0.000000 0.040541 0.000000 0.000000 0.000000 0.013514 0.013514 0.027027 0.027027 0.445946 0.000000 0.000000 
40 0.000000 0.013514 0.000000 0.013514 0.000000 0.000000 0.013514 0.094595 0.581081 0.108108 0.013514 0.000000 0.000000 0.054054 0.013514 0.000000 0.013514 0.081081 0.000000 0.000000 
41 0.054054 0.000000 0.054054 0.202703 0.000000 0.027027 0.027027 0.162162 0.067568 0.040541 0.013514 0.040541 0.000000 0.040541 0.040541 0.054054 0.067568 0.108108 0.000000 0.000000 
42 0.013514 0.081081 0.027027 0.013514 0.000000 0.108108 0.013514 0.121622 0.040541 0.310811 0.027027 0.013514 0.000000 0.000000 0.027027 0.013514 0.013514 0.162162 0.000000 0.013514 
43 0.108108 0.013514 0.135135 0.013514 0.000000 0.472973 0.000000 0.013514 0.000000 0.013514 0.000000 0.027027 0.000000 0.000000 0.040541 0.135135 0.013514 0.013514 0.000000 0.000000 
44 0.013514 0.000000 0.635135 0.148649 0.013514 0.027027 0.000000 0.040541 0.027027 0.013514 0.000000 0.013514 0.000000 0.000000 0.013514 0.027027 0.000000 0.027027 0.000000 0.000000 
45 0.081081 0.000000 0.243243 0.067568 0.040541 0.013514 0.013514 0.000000 0.202703 0.148649 0.040541 0.000000 0.000000 0.027027 0.081081 0.013514 0.013514 0.000000 0.000000 0.013514 
46 0.000000 0.000000 0.040541 0.013514 0.067568 0.418919 0.000000 0.054054 0.121622 0.202703 0.000000 0.000000 0.000000 0.013514 0.000000 0.000000 0.013514 0.027027 0.000000 0.027027 
47 0.013514 0.040541 0.000000 0.027027 0.148649 0.027027 0.013514 0.000000 0.351351 0.027027 0.027027 0.027027 0.000000 0.040541 0.027027 0.013514 0.081081 0.081081 0.000000 0.054054 
48 0.000000 0.013514 0.040541 0.013514 0.013514 0.013514 0.027027 0.000000 0.135135 0.000000 0.000000 0.054054 0.013514 0.027027 0.148649 0.067568 0.216216 0.175676 0.000000 0.040541 
49 0.000000 0.000000 0.013514 0.013514 0.013514 0.000000 0.000000 0.216216 0.027027 0.027027 0.000000 0.094595 0.027027 0.000000 0.000000 0.027027 0.216216 0.324324 0.000000 0.000000 
END
PROTOTYPE 2
BEGIN
MATRIX ID=4 K=77
50        A        C        D        E        F        G        H        I        K        L        M        N        P        Q        R        S        T        V        W        Y 
 0 0.064935 0.000000 0.116883 0.142857 0.025974 0.000000 0.012987 0.012987 0.077922 0.000000 0.025974 0.025974 0.000000 0.051948 0.051948 0.051948 0.038961 0.051948 0.000000 0.246753 
 1 0.025974 0.000000 0.103896 0.090909 0.025974 0.025974 0.012987 0.000000 0.038961 0.012987 0.012987 0.051948 0.168831 0.051948 0.025974 0.012987 0.038961 0.012987 0.000000 0.285714 
 2 0.000000 0.000000 0.064935 0.012987 0.038961 0.038961 0.012987 0.129870 0.025974 0.103896 0.012987 0.038961 0.181818 0.012987 0.012987 0.012987 0.000000 0.025974 0.000000 0.272727 
 3 0.000000 0.000000 0.064935 0.000000 0.012987 0.025974 0.000000 0.220779 0.012987 0.155844 0.025974 0.025974 0.181818 0.000000 0.012987 0.000000 0.000000 0.142857 0.000000 0.116883 
 4 0.000000 0.000000 0.025974 0.000000 0.012987 0.000000 0.000000 0.233766 0.012987 0.155844 0.025974 0.000000 0.038961 0.000000 0.012987 0.103896 0.000000 0.155844 0.000000 0.220779 
 5 0.000000 0.000000 0.000000 0.012987 0.000000 0.000000 0.000000 0.285714 0.000000 0.103896 0.012987 0.000000 0.000000 0.000000 0.012987 0.116883 0.000000 0.207792 0.000000 0.246753 
 6 0.012987 0.000000 0.000000 0.285714 0.000000 0.000000 0.000000 0.207792 0.000000 0.064935 0.000000 0.000000 0.000000 0.000000 0.000000 0.116883 0.000000 0.129870 0.000000 0.181818 
 7 0.012987 0.000000 0.285714 0.324675 0.000000 0.000000 0.000000 0.194805 0.000000 0.051948 0.000000 0.000000 0.000000 0.000000 0.000000 0.038961 0.000000 0.064935 0.000000 0.025974 
 8 0.012987 0.000000 0.337662 0.311688 0.000000 0.038961 0.000000 0.064935 0.000000 0.000000 0.000000 0.000000 0.233766 0.000000 0.000000 0.000000 0.000000 0.000000 0.000000 0.000000 
 9 0.025974 0.000000 0.311688 0.064935 0.103896 0.038961 0.000000 0.025974 0.000000 0.155844 0.012987 0.000000 0.259740 0.000000 0.000000 0.000000 0.000000 0.000000 0.000000 0.000000 
10 0.051948 0.000000 0.077922 0.038961 0.116883 0.038961 0.064935 0.012987 0.012987 0.181818 0.012987 0.012987 0.246753 0.025974 0.000000 0.025974 0.000000 0.012987 0.000000 0.064935 
