PROTOTYPE 2
BEGIN
MATRIX ID=0 K=637
50        A        C        D        E        F        G        H        I        K        L        M        N        P        Q        R        S        T        V        W        Y 
 0 0.089482 0.017268 0.003140 0.009419 0.014129 0.006279 0.006279 0.142857 0.020408 0.031397 0.017268 0.001570 0.004710 0.007849 0.006279 0.084772 0.260597 0.252747 0.001570 0.021978 
 1 0.058085 0.014129 0.023548 0.026688 0.001570 0.014129 0.020408 0.144427 0.056515 0.059655 0.009419 0.043956 0.036107 0.010989 0.056515 0.081633 0.054945 0.233909 0.010989 0.042386 
 2 0.067504 0.006279 0.102041 0.202512 0.003140 0.031397 0.015699 0.020408 0.034537 0.018838 0.004710 0.039246 0.174254 0.017268 0.028257 0.122449 0.072214 0.025118 0.000000 0.014129 
 3 0.056515 0.001570 0.171115 0.084772 0.006279 0.047096 0.014129 0.017268 0.045526 0.034537 0.003140 0.095761 0.238619 0.014129 0.029827 0.069074 0.034537 0.023548 0.000000 0.012559 
 4 0.054945 0.001570 0.271586 0.149137 0.004710 0.045526 0.010989 0.018838 0.037677 0.009419 0.034537 0.087912 0.015699 0.020408 0.014129 0.094192 0.094192 0.018838 0.003140 0.012559 
 5 0.098901 0.003140 0.204082 0.084772 0.004710 0.025118 0.006279 0.010989 0.040816 0.012559 0.026688 0.028257 0.073783 0.012559 0.023548 0.153846 0.177394 0.007849 0.000000 0.004710 
 6 0.045526 0.001570 0.061224 0.015699 0.010989 0.010989 0.006279 0.155416 0.023548 0.102041 0.007849 0.021978 0.084772 0.003140 0.045526 0.119309 0.138148 0.144427 0.000000 0.001570 
 7 0.069074 0.004710 0.042386 0.053375 0.010989 0.018838 0.009419 0.145997 0.042386 0.185243 0.021978 0.034537 0.017268 0.009419 0.058085 0.034537 0.048666 0.177394 0.000000 0.015699 
 8 0.065934 0.001570 0.158556 0.172684 0.018838 0.048666 0.023548 0.018838 0.091052 0.034537 0.012559 0.025118 0.003140 0.039246 0.065934 0.081633 0.042386 0.065934 0.003140 0.026688 
 9 0.317111 0.001570 0.111460 0.180534 0.003140 0.006279 0.034537 0.029827 0.054945 0.031397 0.001570 0.015699 0.001570 0.018838 0.032967 0.021978 0.021978 0.108320 0.000000 0.006279 
10 0.481947 0.007849 0.006279 0.010989 0.017268 0.014129 0.000000 0.091052 0.003140 0.103611 0.007849 0.000000 0.000000 0.003140 0.025118 0.018838 0.014129 0.188383 0.006279 0.000000 
11 0.194662 0.009419 0.028257 0.080063 0.015699 0.004710 0.010989 0.080063 0.097331 0.113030 0.021978 0.025118 0.003140 0.025118 0.160126 0.045526 0.026688 0.043956 0.007849 0.006279 
12 0.037677 0.000000 0.069074 0.114600 0.006279 0.015699 0.009419 0.100471 0.180534 0.131868 0.010989 0.028257 0.003140 0.037677 0.109890 0.045526 0.028257 0.053375 0.007849 0.009419 
13 0.021978 0.000000 0.001570 0.012559 0.029827 0.000000 0.000000 0.147567 0.048666 0.254317 0.334380 0.000000 0.000000 0.004710 0.036107 0.004710 0.043956 0.056515 0.000000 0.003140 
14 0.037677 0.001570 0.012559 0.028257 0.054945 0.007849 0.006279 0.092622 0.032967 0.153846 0.359498 0.007849 0.000000 0.012559 0.054945 0.023548 0.014129 0.064364 0.003140 0.031397 
15 0.061224 0.003140 0.051805 0.127159 0.018838 0.017268 0.010989 0.047096 0.142857 0.092622 0.032967 0.032967 0.000000 0.028257 0.111460 0.062794 0.065934 0.072214 0.001570 0.018838 
16 0.040816 0.001570 0.070644 0.166405 0.015699 0.023548 0.067504 0.007849 0.144427 0.014129 0.009419 0.105181 0.000000 0.036107 0.114600 0.056515 0.058085 0.006279 0.000000 0.061224 
17 0.031397 0.007849 0.056515 0.076923 0.009419 0.133438 0.078493 0.001570 0.141287 0.015699 0.003140 0.207221 0.001570 0.015699 0.089482 0.050235 0.042386 0.001570 0.000000 0.036107 
18 0.015699 0.001570 0.054945 0.032967 0.032967 0.139717 0.034537 0.182104 0.078493 0.028257 0.003140 0.108320 0.007849 0.012559 0.064364 0.021978 0.021978 0.139717 0.003140 0.015699 
19 0.012559 0.001570 0.025118 0.021978 0.054945 0.108320 0.056515 0.213501 0.020408 0.029827 0.009419 0.029827 0.021978 0.025118 0.103611 0.089482 0.040816 0.113030 0.003140 0.018838 
20 0.067504 0.006279 0.042386 0.010989 0.007849 0.180534 0.097331 0.010989 0.062794 0.017268 0.014129 0.021978 0.009419 0.014129 0.185243 0.171115 0.040816 0.014129 0.007849 0.017268 
21 0.081633 0.012559 0.003140 0.004710 0.023548 0.124019 0.037677 0.059655 0.009419 0.260597 0.015699 0.000000 0.004710 0.023548 0.150706 0.061224 0.012559 0.094192 0.007849 0.012559 
22 0.058085 0.007849 0.000000 0.000000 0.042386 0.000000 0.000000 0.102041 0.000000 0.255887 0.015699 0.000000 0.282575 0.000000 0.000000 0.003140 0.006279 0.204082 0.000000 0.021978 
23 0.014129 0.004710 0.000000 0.000000 0.007849 0.000000 0.000000 0.141287 0.000000 0.061224 0.000000 0.000000 0.328100 0.000000 0.000000 0.000000 0.000000 0.441130 0.000000 0.001570 
24 0.012559 0.000000 0.000000 0.003140 0.003140 0.000000 0.000000 0.141287 0.000000 0.078493 0.004710 0.000000 0.000000 0.000000 0.000000 0.003140 0.023548 0.729984 0.000000 0.000000 
25 0.010989 0.000000 0.315542 0.025118 0.018838 0.025118 0.000000 0.051805 0.010989 0.064364 0.048666 0.092622 0.000000 0.001570 0.009419 0.039246 0.081633 0.197802 0.000000 0.006279 
26 0.032967 0.003140 0.251177 0.329670 0.000000 0.029827 0.014129 0.003140 0.113030 0.001570 0.001570 0.050235 0.010989 0.029827 0.048666 0.050235 0.012559 0.012559 0.000000 0.004710 
27 0.025118 0.000000 0.284144 0.135008 0.006279 0.145997 0.009419 0.004710 0.059655 0.004710 0.004710 0.189953 0.004710 0.017268 0.029827 0.045526 0.014129 0.006279 0.000000 0.012559 
28 0.009419 0.004710 0.111460 0.059655 0.004710 0.524333 0.000000 0.000000 0.056515 0.010989 0.007849 0.141287 0.000000 0.010989 0.021978 0.025118 0.006279 0.000000 0.000000 0.004710 
29 0.014129 0.003140 0.020408 0.138148 0.001570 0.015699 0.020408 0.017268 0.332810 0.014129 0.007849 0.048666 0.000000 0.028257 0.189953 0.042386 0.054945 0.045526 0.000000 0.004710 
30 0.026688 0.004710 0.000000 0.000000 0.047096 0.003140 0.000000 0.119309 0.000000 0.439560 0.025118 0.003140 0.130298 0.001570 0.000000 0.001570 0.007849 0.171115 0.000000 0.018838 
31 0.056515 0.006279 0.006279 0.032967 0.007849 0.003140 0.004710 0.160126 0.045526 0.091052 0.010989 0.003140 0.000000 0.010989 0.042386 0.020408 0.045526 0.423862 0.009419 0.018838 
32 0.000000 0.000000 0.000000 0.000000 0.000000 1.000000 0.000000 0.000000 0.000000 0.000000 0.000000 0.000000 0.000000 0.000000 0.000000 0.000000 0.000000 0.000000 0.000000 0.000000 
33 0.006279 0.004710 0.000000 0.003140 0.020408 0.003140 0.000000 0.566719 0.001570 0.076923 0.083203 0.000000 0.000000 0.000000 0.000000 0.010989 0.026688 0.163265 0.015699 0.017268 
34 0.003140 0.000000 0.000000 0.000000 0.028257 0.000000 0.000000 0.427002 0.000000 0.124019 0.004710 0.000000 0.000000 0.000000 0.000000 0.000000 0.006279 0.406593 0.000000 0.000000 
35 0.015699 0.000000 0.009419 0.000000 0.000000 0.009419 0.000000 0.003140 0.000000 0.000000 0.000000 0.003140 0.000000 0.000000 0.018838 0.270016 0.662480 0.003140 0.000000 0.004710 
36 0.091052 0.000000 0.040816 0.199372 0.026688 0.009419 0.001570 0.075353 0.070644 0.070644 0.031397 0.036107 0.010989 0.014129 0.111460 0.064364 0.048666 0.067504 0.000000 0.029827 
37 0.037677 0.006279 0.047096 0.054945 0.020408 0.023548 0.034537 0.009419 0.070644 0.018838 0.009419 0.025118 0.000000 0.026688 0.260597 0.102041 0.163265 0.017268 0.045526 0.026688 
38 0.012559 0.000000 0.844584 0.043956 0.000000 0.014129 0.006279 0.004710 0.003140 0.000000 0.001570 0.025118 0.000000 0.007849 0.006279 0.018838 0.010989 0.000000 0.000000 0.000000 
39 0.028257 0.000000 0.000000 0.000000 0.031397 0.000000 0.000000 0.463108 0.000000 0.273155 0.032967 0.000000 0.000000 0.000000 0.000000 0.001570 0.000000 0.164835 0.000000 0.004710 
40 0.103611 0.004710 0.000000 0.010989 0.010989 0.023548 0.001570 0.145997 0.001570 0.302983 0.067504 0.015699 0.000000 0.003140 0.026688 0.045526 0.031397 0.204082 0.000000 0.000000 
41 0.048666 0.006279 0.065934 0.083203 0.020408 0.036107 0.021978 0.012559 0.202512 0.031397 0.007849 0.058085 0.006279 0.025118 0.251177 0.040816 0.031397 0.017268 0.003140 0.029827 
42 0.255887 0.004710 0.009419 0.054945 0.028257 0.029827 0.017268 0.042386 0.072214 0.081633 0.015699 0.029827 0.003140 0.012559 0.069074 0.065934 0.037677 0.109890 0.000000 0.059655 
43 0.043956 0.007849 0.017268 0.018838 0.067504 0.020408 0.017268 0.166405 0.018838 0.229199 0.037677 0.003140 0.028257 0.020408 0.032967 0.051805 0.020408 0.161695 0.000000 0.036107 
44 0.218210 0.006279 0.032967 0.058085 0.015699 0.098901 0.025118 0.059655 0.043956 0.058085 0.010989 0.020408 0.048666 0.020408 0.053375 0.070644 0.029827 0.092622 0.004710 0.031397 
45 0.073783 0.004710 0.078493 0.145997 0.009419 0.056515 0.012559 0.045526 0.080063 0.056515 0.003140 0.043956 0.018838 0.050235 0.073783 0.091052 0.073783 0.048666 0.004710 0.028257 
46 0.040816 0.003140 0.072214 0.103611 0.021978 0.102041 0.025118 0.037677 0.094192 0.120879 0.020408 0.037677 0.047096 0.025118 0.095761 0.054945 0.034537 0.040816 0.003140 0.018838 
47 0.051805 0.007849 0.073783 0.092622 0.021978 0.076923 0.017268 0.059655 0.125589 0.072214 0.025118 0.056515 0.021978 0.037677 0.094192 0.059655 0.029827 0.048666 0.006279 0.020408 
48 0.072214 0.000000 0.084772 0.116170 0.028257 0.043956 0.010989 0.047096 0.080063 0.087912 0.006279 0.040816 0.062794 0.020408 0.053375 0.092622 0.062794 0.059655 0.004710 0.025118 
49 0.059655 0.004710 0.094192 0.083203 0.037677 0.045526 0.012559 0.070644 0.087912 0.117739 0.014129 0.032967 0.053375 0.014129 0.064364 0.069074 0.048666 0.058085 0.001570 0.007849 
END
PROTOTYPE 2
BEGIN
MATRIX ID=1 K=102
50        A        C        D        E        F        G        H        I        K        L        M        N        P        Q        R        S        T        V        W        Y 
 0 0.009804 0.000000 0.039216 0.039216 0.039216 0.029412 0.009804 0.078431 0.235294 0.117647 0.000000 0.068627 0.000000 0.078431 0.078431 0.068627 0.009804 0.019608 0.078431 0.000000 
 1 0.098039 0.000000 0.029412 0.098039 0.009804 0.039216 0.098039 0.068627 0.117647 0.117647 0.019608 0.029412 0.009804 0.029412 0.068627 0.019608 0.009804 0.039216 0.009804 0.088235 
 2 0.196078 0.009804 0.029412 0.078431 0.009804 0.068627 0.029412 0.049020 0.127451 0.029412 0.009804 0.058824 0.000000 0.009804 0.078431 0.078431 0.019608 0.088235 0.000000 0.029412 
 3 0.098039 0.009804 0.058824 0.068627 0.058824 0.127451 0.000000 0.000000 0.127451 0.029412 0.049020 0.039216 0.049020 0.039216 0.078431 0.039216 0.058824 0.009804 0.009804 0.049020 
 4 0.147059 0.000000 0.049020 0.058824 0.009804 0.147059 0.009804 0.019608 0.156863 0.019608 0.039216 0.039216 0.019608 0.039216 0.147059 0.029412 0.029412 0.009804 0.019608 0.009804 
 5 0.205882 0.009804 0.039216 0.009804 0.009804 0.166667 0.009804 0.088235 0.107843 0.058824 0.009804 0.019608 0.000000 0.029412 0.068627 0.117647 0.039216 0.009804 0.000000 0.000000 
 6 0.029412 0.000000 0.058824 0.039216 0.009804 0.254902 0.019608 0.049020 0.196078 0.039216 0.000000 0.000000 0.058824 0.019608 0.068627 0.019608 0.039216 0.049020 0.000000 0.049020 
 7 0.107843 0.068627 0.049020 0.039216 0.009804 0.058824 0.000000 0.264706 0.049020 0.088235 0.000000 0.068627 0.019608 0.019608 0.039216 0.009804 0.019608 0.068627 0.000000 0.019608 
 8 0.049020 0.000000 0.029412 0.098039 0.009804 0.166667 0.019608 0.019608 0.098039 0.039216 0.009804 0.147059 0.166667 0.009804 0.009804 0.019608 0.049020 0.009804 0.019608 0.029412 
 9 0.009804 0.000000 0.009804 0.088235 0.049020 0.009804 0.009804 0.029412 0.313726 0.009804 0.009804 0.049020 0.039216 0.039216 0.127451 0.088235 0.009804 0.039216 0.019608 0.049020 
10 0.029412 0.000000 0.049020 0.088235 0.009804 0.098039 0.049020 0.000000 0.166667 0.019608 0.000000 0.098039 0.019608 0.019608 0.186275 0.058824 0.049020 0.019608 0.029412 0.009804 
11 0.009804 0.009804 0.000000 0.000000 0.147059 0.000000 0.009804 0.274510 0.000000 0.137255 0.000000 0.000000 0.000000 0.019608 0.058824 0.000000 0.000000 0.313726 0.000000 0.019608 
12 0.019608 0.000000 0.009804 0.000000 0.000000 0.000000 0.068627 0.000000 0.009804 0.000000 0.000000 0.049020 0.009804 0.000000 0.176471 0.147059 0.372549 0.107843 0.000000 0.029412 
13 0.078431 0.000000 0.000000 0.000000 0.019608 0.009804 0.000000 0.088235 0.000000 0.127451 0.009804 0.000000 0.509804 0.000000 0.000000 0.068627 0.058824 0.029412 0.000000 0.000000 
14 0.009804 0.000000 0.000000 0.000000 0.000000 0.000000 0.794118 0.000000 0.088235 0.000000 0.000000 0.000000 0.000000 0.000000 0.029412 0.009804 0.000000 0.000000 0.000000 0.068627 
15 0.058824 0.049020 0.107843 0.000000 0.009804 0.009804 0.000000 0.098039 0.068627 0.078431 0.019608 0.049020 0.009804 0.009804 0.029412 0.156863 0.078431 0.088235 0.000000 0.078431 
16 0.000000 0.009804 0.000000 0.000000 0.245098 0.000000 0.000000 0.088235 0.000000 0.470588 0.029412 0.000000 0.009804 0.000000 0.000000 0.000000 0.058824 0.078431 0.000000 0.009804 
17 0.000000 0.000000 0.000000 0.000000 0.000000 0.000000 0.000000 0.000000 0.000000 0.000000 0.000000 0.000000 0.000000 0.000000 1.000000 0.000000 0.000000 0.000000 0.000000 0.000000 
18 0.058824 0.000000 0.000000 0.009804 0.000000 0.000000 0.588235 0.000000 0.127451 0.000000 0.000000 0.000000 0.009804 0.000000 0.058824 0.078431 0.039216 0.000000 0.000000 0.029412 
19 0.058824 0.000000 0.000000 0.000000 0.186275 0.235294 0.000000 0.000000 0.000000 0.000000 0.000000 0.000000 0.000000 0.000000 0.000000 0.186275 0.254902 0.000000 0.049020 0.029412 
20 0.039216 0.019608 0.000000 0.000000 0.382353 0.009804 0.019608 0.039216 0.019608 0.068627 0.000000 0.000000 0.000000 0.000000 0.225490 0.029412 0.000000 0.029412 0.019608 0.098039 
21 0.529412 0.000000 0.009804 0.039216 0.000000 0.049020 0.000000 0.147059 0.000000 0.049020 0.000000 0.019608 0.000000 0.000000 0.000000 0.029412 0.088235 0.039216 0.000000 0.000000 
22 0.000000 0.000000 0.000000 0.009804 0.000000 0.000000 0.000000 0.019608 0.019608 0.009804 0.000000 0.000000 0.000000 0.000000 0.000000 0.215686 0.607843 0.107843 0.000000 0.009804 
23 0.068627 0.000000 0.098039 0.088235 0.029412 0.009804 0.176471 0.019608 0.058824 0.058824 0.009804 0.068627 0.000000 0.019608 0.009804 0.029412 0.039216 0.000000 0.098039 0.117647 
24 0.068627 0.039216 0.000000 0.000000 0.049020 0.000000 0.009804 0.009804 0.000000 0.500000 0.205882 0.000000 0.000000 0.019608 0.000000 0.019608 0.000000 0.039216 0.019608 0.019608 
25 0.137255 0.009804 0.000000 0.000000 0.019608 0.029412 0.000000 0.137255 0.000000 0.411765 0.000000 0.000000 0.000000 0.009804 0.127451 0.019608 0.000000 0.029412 0.000000 0.068627 
26 0.049020 0.000000 0.117647 0.127451 0.000000 0.019608 0.000000 0.000000 0.196078 0.029412 0.000000 0.107843 0.000000 0.049020 0.254902 0.049020 0.000000 0.000000 0.000000 0.000000 
27 0.078431 0.009804 0.058824 0.068627 0.000000 0.009804 0.039216 0.009804 0.186275 0.029412 0.039216 0.098039 0.009804 0.078431 0.176471 0.098039 0.000000 0.000000 0.000000 0.009804 
28 0.000000 0.000000 0.049020 0.029412 0.000000 0.715686 0.000000 0.000000 0.019608 0.039216 0.000000 0.009804 0.000000 0.000000 0.009804 0.058824 0.039216 0.029412 0.000000 0.000000 
29 0.049020 0.049020 0.000000 0.000000 0.039216 0.078431 0.009804 0.098039 0.019608 0.068627 0.117647 0.009804 0.009804 0.019608 0.009804 0.000000 0.058824 0.303922 0.029412 0.029412 
30 0.009804 0.000000 0.245098 0.068627 0.000000 0.019608 0.000000 0.009804 0.029412 0.019608 0.000000 0.088235 0.274510 0.029412 0.009804 0.186275 0.009804 0.000000 0.000000 0.000000 
31 0.068627 0.000000 0.000000 0.117647 0.019608 0.009804 0.000000 0.264706 0.000000 0.215686 0.029412 0.000000 0.107843 0.019608 0.078431 0.019608 0.009804 0.039216 0.000000 0.000000 
32 0.019608 0.000000 0.127451 0.127451 0.039216 0.039216 0.009804 0.029412 0.049020 0.019608 0.049020 0.019608 0.058824 0.107843 0.166667 0.098039 0.019608 0.019608 0.000000 0.000000 
33 0.078431 0.000000 0.009804 0.068627 0.098039 0.000000 0.019608 0.176471 0.039216 0.039216 0.039216 0.000000 0.000000 0.019608 0.009804 0.009804 0.068627 0.303922 0.000000 0.019608 
34 0.000000 0.009804 0.000000 0.019608 0.000000 0.000000 0.000000 0.382353 0.039216 0.107843 0.000000 0.000000 0.000000 0.000000 0.000000 0.000000 0.000000 0.441176 0.000000 0.000000 
35 0.088235 0.019608 0.049020 0.039216 0.000000 0.019608 0.000000 0.029412 0.186275 0.000000 0.019608 0.098039 0.000000 0.294118 0.029412 0.107843 0.000000 0.000000 0.000000 0.019608 
36 0.039216 0.000000 0.068627 0.215686 0.068627 0.000000 0.029412 0.058824 0.147059 0.068627 0.000000 0.009804 0.009804 0.098039 0.068627 0.019608 0.009804 0.019608 0.000000 0.068627 
37 0.000000 0.000000 0.019608 0.000000 0.039216 0.000000 0.000000 0.205882 0.000000 0.372549 0.068627 0.039216 0.000000 0.009804 0.147059 0.000000 0.019608 0.009804 0.000000 0.068627 
38 0.049020 0.019608 0.000000 0.000000 0.000000 0.068627 0.000000 0.000000 0.000000 0.392157 0.127451 0.000000 0.000000 0.156863 0.098039 0.000000 0.039216 0.049020 0.000000 0.000000 
39 0.000000 0.000000 0.029412 0.000000 0.000000 0.794118 0.000000 0.009804 0.019608 0.000000 0.000000 0.049020 0.000000 0.000000 0.009804 0.000000 0.000000 0.000000 0.088235 0.000000 
40 0.049020 0.000000 0.098039 0.000000 0.000000 0.039216 0.529412 0.000000 0.019608 0.009804 0.000000 0.000000 0.000000 0.029412 0.107843 0.000000 0.039216 0.039216 0.039216 0.000000 
41 0.137255 0.000000 0.049020 0.068627 0.009804 0.009804 0.029412 0.000000 0.196078 0.000000 0.000000 0.009804 0.009804 0.019608 0.039216 0.264706 0.088235 0.068627 0.000000 0.000000 
42 0.058824 0.000000 0.166667 0.019608 0.029412 0.029412 0.009804 0.019608 0.029412 0.039216 0.019608 0.137255 0.107843 0.019608 0.029412 0.225490 0.029412 0.029412 0.000000 0.000000 
43 0.019608 0.000000 0.078431 0.058824 0.000000 0.039216 0.009804 0.235294 0.029412 0.186275 0.009804 0.029412 0.068627 0.039216 0.019608 0.088235 0.039216 0.039216 0.009804 0.000000 
44 0.029412 0.000000 0.078431 0.117647 0.000000 0.049020 0.000000 0.029412 0.117647 0.019608 0.009804 0.088235 0.000000 0.068627 0.098039 0.137255 0.107843 0.049020 0.000000 0.000000 
45 0.049020 0.000000 0.019608 0.000000 0.009804 0.000000 0.009804 0.058824 0.039216 0.049020 0.049020 0.019608 0.000000 0.078431 0.000000 0.058824 0.450980 0.088235 0.000000 0.019608 
46 0.019608 0.000000 0.029412 0.019608 0.068627 0.000000 0.000000 0.107843 0.009804 0.098039 0.078431 0.000000 0.019608 0.029412 0.029412 0.009804 0.450980 0.019608 0.000000 0.009804 
47 0.019608 0.000000 0.098039 0.117647 0.049020 0.000000 0.000000 0.019608 0.078431 0.088235 0.078431 0.009804 0.019608 0.215686 0.088235 0.078431 0.029412 0.000000 0.000000 0.009804 
48 0.049020 0.000000 0.029412 0.019608 0.019608 0.029412 0.137255 0.323529 0.049020 0.009804 0.009804 0.000000 0.019608 0.058824 0.009804 0.000000 0.088235 0.107843 0.000000 0.039216 
49 0.000000 0.000000 0.000000 0.000000 0.039216 0.000000 0.058824 0.000000 0.019608 0.068627 0.000000 0.000000 0.000000 0.000000 0.000000 0.000000 0.019608 0.029412 0.000000 0.764706 
END
